# starting
# SIZE 8
0 0.0009994990 0.9801693701 0.0054025910 0.0014347714 0.0012775756 0.0044969264 0.0062156691 0.0000035975 
1 0.0019979918 0.9594335024 0.0111661163 0.0028450298 0.0028863303 0.0093482475 0.0123084754 0.0000143066 
2 0.0029954724 0.9378586270 0.0172662092 0.0042337758 0.0048023317 0.0145309660 0.0182806062 0.0000320117 
3 0.0039919348 0.9155143175 0.0236773428 0.0056054420 0.0069983639 0.0200213937 0.0241345896 0.0000566157 
4 0.0049873733 0.8924730069 0.0303729936 0.0069657024 0.0094443580 0.0257952676 0.0298732511 0.0000880470 
5 0.0059817821 0.8688094870 0.0373258086 0.0083212694 0.0121078513 0.0318278706 0.0354996661 0.0001262648 
6 0.0069751553 0.8446003951 0.0445077769 0.0096796799 0.0149544660 0.0380941528 0.0410171097 0.0001712643 
7 0.0079674873 0.8199236937 0.0518904022 0.0110490753 0.0179484018 0.0445688553 0.0464290045 0.0002230798 
8 0.0089587723 0.7948581489 0.0594448757 0.0124379793 0.0210529356 0.0512266330 0.0517388677 0.0002817875 
9 0.0099490042 0.7694828130 0.0671422470 0.0138550753 0.0242309194 0.0580421756 0.0569502590 0.0003475066 
10 0.0109381772 0.7438765151 0.0749535912 0.0153089884 0.0274452723 0.0649903269 0.0620667293 0.0004203997 
11 0.0119262850 0.7181173662 0.0828501719 0.0168080743 0.0306594584 0.0720461998 0.0670917726 0.0005006718 
12 0.0129133211 0.6922822827 0.0908035973 0.0183602177 0.0338379442 0.0791852869 0.0720287812 0.0005885689 
13 0.0138992789 0.6664465326 0.0987859682 0.0199726445 0.0369466317 0.0863835650 0.0768810046 0.0006843746 
14 0.0148841514 0.6406833082 0.1067700174 0.0216517485 0.0399532598 0.0936175935 0.0816515145 0.0007884066 
15 0.0158679313 0.6150633300 0.1147292392 0.0234029358 0.0428277710 0.1008646055 0.0863431748 0.0009010124 
16 0.0168506109 0.5896544831 0.1226380070 0.0252304888 0.0455426383 0.1081025904 0.0909586181 0.0010225634 
17 0.0178321822 0.5645214900 0.1304716804 0.0271374512 0.0480731495 0.1153103684 0.0955002284 0.0011534498 
18 0.0188126368 0.5397256226 0.1382066984 0.0291255348 0.0503976463 0.1224676562 0.0999701317 0.0012940733 
19 0.0197919658 0.5153244522 0.1458206612 0.0311950500 0.0524977154 0.1295551227 0.1043701917 0.0014448410 
20 0.0207701600 0.4913716426 0.1532923981 0.0333448598 0.0543583311 0.1365544362 0.1087020143 0.0016061579 
21 0.0217472099 0.4679167836 0.1606020222 0.0355723575 0.0559679491 0.1434483013 0.1129669571 0.0017784193 
22 0.0227231054 0.4450052663 0.1677309728 0.0378734682 0.0573185501 0.1502204868 0.1171661461 0.0019620043 
23 0.0236978362 0.4226782008 0.1746620442 0.0402426735 0.0584056359 0.1568558441 0.1213004978 0.0021572677 
24 0.0246713916 0.4009723732 0.1813794026 0.0426730587 0.0592281781 0.1633403165 0.1253707460 0.0023645332 
25 0.0256437606 0.3799202428 0.1878685915 0.0451563817 0.0597885219 0.1696609404 0.1293774745 0.0025840867 
26 0.0266149321 0.3595499763 0.1941165251 0.0476831607 0.0600922477 0.1758058373 0.1333211512 0.0028161696 
27 0.0275848946 0.3398855176 0.2001114721 0.0502427819 0.0601479937 0.1817641996 0.1372021675 0.0030609732 
28 0.0285536365 0.3209466908 0.2058430300 0.0528236221 0.0599672427 0.1875262680 0.1410208771 0.0033186329 
29 0.0295211461 0.3027493327 0.2113020913 0.0554131869 0.0595640776 0.1930833039 0.1447776375 0.0035892241 
30 0.0304874118 0.2853054537 0.2164808013 0.0579982608 0.0589549092 0.1984275554 0.1484728504 0.0038727574 
31 0.0314524219 0.2686234215 0.2213725111 0.0605650668 0.0581581818 0.2035522192 0.1521070014 0.0041691763 
32 0.0324161648 0.2527081663 0.2259717245 0.0630994347 0.0571940605 0.2084513979 0.1556806972 0.0044783541 
33 0.0333786291 0.2375614029 0.2302740415 0.0655869734 0.0560841056 0.2131200549 0.1591946999 0.0048000926 
34 0.0343398037 0.2231818663 0.2342760988 0.0680132463 0.0548509385 0.2175539667 0.1626499580 0.0051341217 
35 0.0352996777 0.2095655576 0.2379755084 0.0703639474 0.0535179043 0.2217496739 0.1660476317 0.0054800991 
36 0.0362582407 0.1967059964 0.2413707964 0.0726250740 0.0521087363 0.2257044312 0.1693891131 0.0058376118 
37 0.0372154827 0.1845944764 0.2444613415 0.0747830965 0.0506472258 0.2294161581 0.1726760411 0.0062061779 
38 0.0381713943 0.1732203207 0.2472473147 0.0768251197 0.0491569026 0.2328833902 0.1759103084 0.0065852493 
39 0.0391259666 0.1625711341 0.2497296225 0.0787390370 0.0476607301 0.2361052316 0.1790940626 0.0069742155 
40 0.0400791913 0.1526330491 0.2519098518 0.0805136726 0.0461808182 0.2390813098 0.1822296997 0.0073724074 
41 0.0410310610 0.1433909625 0.2537902190 0.0821389119 0.0447381588 0.2418117335 0.1853198503 0.0077791030 
42 0.0419815689 0.1348287616 0.2553735236 0.0836058178 0.0433523844 0.2442970527 0.1883673585 0.0081935325 
43 0.0429307090 0.1269295356 0.2566631063 0.0849067319 0.0420415555 0.2465382233 0.1913752541 0.0086148844 
44 0.0438784761 0.1196757729 0.2576628122 0.0860353589 0.0408219761 0.2485365743 0.1943467171 0.0090423125 
45 0.0448248661 0.1130495405 0.2583769589 0.0869868344 0.0397080408 0.2502937803 0.1972850365 0.0094749425 
46 0.0457698755 0.1070326456 0.2588103108 0.0877577746 0.0387121133 0.2518118371 0.2001935634 0.0099118797 
47 0.0467135019 0.1016067785 0.2589680577 0.0883463079 0.0378444379 0.2530930418 0.2030756583 0.0103522160 
48 0.0476557437 0.0967536347 0.2588557992 0.0887520886 0.0371130836 0.2541399776 0.2059346345 0.0107950380 
49 0.0485966003 0.0924550189 0.2584795339 0.0889762921 0.0365239210 0.2549555017 0.2087736980 0.0112394341 
50 0.0495360719 0.0886929273 0.2578456529 0.0890215927 0.0360806300 0.2555427382 0.2115958846 0.0116845025 
51 0.0504741597 0.0854496123 0.2569609375 0.0888921243 0.0357847388 0.2559050733 0.2144039956 0.0121293585 
52 0.0514108657 0.0827076265 0.2558325611 0.0885934247 0.0356356917 0.2560461552 0.2172005335 0.0125731415 
53 0.0523461928 0.0804498507 0.2544680927 0.0881323650 0.0356309431 0.2559698960 0.2199876377 0.0130150220 
54 0.0532801446 0.0786595038 0.2528755042 0.0875170641 0.0357660767 0.2556804766 0.2227670221 0.0134542079 
55 0.0542127257 0.0773201376 0.2510631785 0.0867567910 0.0360349469 0.2551823534 0.2255399160 0.0138899509 
56 0.0551439411 0.0764156182 0.2490399188 0.0858618560 0.0364298388 0.2544802670 0.2283070087 0.0143215513 
57 0.0560737967 0.0759300949 0.2468149578 0.0848434914 0.0369416453 0.2535792515 0.2310683989 0.0147483636 
58 0.0570022990 0.0758479582 0.2443979664 0.0837137245 0.0375600563 0.2524846449 0.2338235503 0.0151698004 
59 0.0579294550 0.0761537901 0.2417990617 0.0824852444 0.0382737592 0.2512020992 0.2365712542 0.0155853362 
60 0.0588552720 0.0768323076 0.2390288118 0.0811712635 0.0390706449 0.2497375903 0.2393095996 0.0159945103 
61 0.0597797581 0.0778683008 0.2360982389 0.0797853769 0.0399380180 0.2480974267 0.2420359517 0.0163969290 
62 0.0607029214 0.0792465694 0.2330188187 0.0783414201 0.0408628070 0.2462882568 0.2447469394 0.0167922673 
63 0.0616247706 0.0809518578 0.2298024754 0.0768533275 0.0418317718 0.2443170747 0.2474384526 0.0171802696 
64 0.0625453143 0.0829687911 0.2264615735 0.0753349931 0.0428317057 0.2421912229 0.2501056492 0.0175607502 
65 0.0634645614 0.0852818148 0.2230089030 0.0738001356 0.0438496284 0.2399183934 0.2527429714 0.0179335921 
66 0.0643825210 0.0878751375 0.2194576612 0.0722621677 0.0448729685 0.2375066245 0.2553441732 0.0182987464 
67 0.0652992019 0.0907326807 0.2158214278 0.0707340736 0.0458897328 0.2349642955 0.2579023574 0.0186562303 
68 0.0662146131 0.0938380356 0.2121141347 0.0692282937 0.0468886597 0.2323001171 0.2604100218 0.0190061244 
69 0.0671287633 0.0971744279 0.2083500305 0.0677566184 0.0478593559 0.2295231182 0.2628591156 0.0193485701 
70 0.0680416613 0.1007246921 0.2045436387 0.0663300929 0.0487924151 0.2266426299 0.2652411042 0.0196837659 
71 0.0689533152 0.1044712564 0.2007097108 0.0649589320 0.0496795161 0.2236682639 0.2675470420 0.0200119635 
72 0.0698637333 0.1083961378 0.1968631740 0.0636524475 0.0505135019 0.2206098889 0.2697676533 0.0203334632 
73 0.0707729234 0.1124809482 0.1930190738 0.0624189873 0.0512884365 0.2174776024 0.2718934186 0.0206486098 
74 0.0716808927 0.1167069123 0.1891925118 0.0612658872 0.0519996425 0.2142816989 0.2739146676 0.0209577871 
75 0.0725876483 0.1210548962 0.1853985801 0.0601994352 0.0526437164 0.2110326350 0.2758216757 0.0212614132 
76 0.0734931967 0.1255054472 0.1816522912 0.0592248490 0.0532185251 0.2077409920 0.2776047642 0.0215599347 
77 0.0743975439 0.1300388440 0.1779685058 0.0583462658 0.0537231817 0.2044174341 0.2792544027 0.0218538218 
78 0.0753006957 0.1346351568 0.1743618575 0.0575667442 0.0541580044 0.2010726664 0.2807613123 0.0221435626 
79 0.0762026570 0.1392743169 0.1708466768 0.0568882782 0.0545244567 0.1977173887 0.2821165677 0.0224296579 
80 0.0771034325 0.1439361942 0.1674369136 0.0563118223 0.0548250734 0.1943622494 0.2833116989 0.0227126156 
81 0.0780030262 0.1486006820 0.1641460604 0.0558373277 0.0550633721 0.1910177971 0.2843387884 0.0229929462 
82 0.0789014417 0.1532477880 0.1609870754 0.0554637873 0.0552437524 0.1876944323 0.2851905657 0.0232711573 
83 0.0797986819 0.1578577304 0.1579723086 0.0551892902 0.0553713858 0.1844023584 0.2858604955 0.0235477492 
84 0.0806947496 0.1624110369 0.1551134288 0.0550110843 0.0554520971 0.1811515331 0.2863428595 0.0238232108 
85 0.0815896466 0.1668886466 0.1524213549 0.0549256451 0.0554922398 0.1779516210 0.2866328313 0.0240980148 
86 0.0824833747 0.1712720125 0.1499061908 0.0549287507 0.0554985677 0.1748119468 0.2867265419 0.0243726149 
87 0.0833759350 0.1755432032 0.1475771651 0.0550155615 0.0554781056 0.1717414509 0.2866211369 0.0246474419 
88 0.0842673281 0.1796850035 0.1454425756 0.0551807029 0.0554380194 0.1687486464 0.2863148230 0.0249229011 
89 0.0851575546 0.1836810106 0.1435097408 0.0554183512 0.0553854890 0.1658415800 0.2858069040 0.0251993698 
90 0.0860466142 0.1875157273 0.1417849572 0.0557223197 0.0553275860 0.1630277943 0.2850978060 0.0254771952 
91 0.0869345068 0.1911746480 0.1402734635 0.0560861460 0.0552711570 0.1603142948 0.2841890911 0.0257566928 
92 0.0878212316 0.1946443395 0.1389794124 0.0565031776 0.0552227143 0.1577075202 0.2830834591 0.0260381453 
93 0.0887067877 0.1979125125 0.1379058504 0.0569666560 0.0551883369 0.1552133160 0.2817847386 0.0263218020 
94 0.0895911740 0.2009680862 0.1370547047 0.0574697977 0.0551735808 0.1528369137 0.2802978650 0.0266078780 
95 0.0904743891 0.2038012413 0.1364267792 0.0580058718 0.0551834018 0.1505829129 0.2786288491 0.0268965548 
96 0.0913564315 0.2064034653 0.1360217576 0.0585682727 0.0552220897 0.1484552689 0.2767847337 0.0271879806 
97 0.0922372997 0.2087675858 0.1358382151 0.0591505881 0.0552932165 0.1464572847 0.2747735395 0.0274822707 
98 0.0931169918 0.2108877930 0.1358736378 0.0597466604 0.0553995976 0.1445916072 0.2726042029 0.0277795094 
99 0.0939955061 0.2127596521 0.1361244504 0.0603506427 0.0555432666 0.1428602286 0.2702865030 0.0280797505 
100 0.0948728407 0.2143801038 0.1365860503 0.0609570477 0.0557254638 0.1412644918 0.2678309823 0.0283830198 
101 0.0957489937 0.2157474538 0.1372528494 0.0615607892 0.0559466384 0.1398051006 0.2652488585 0.0286893165 
102 0.0966239635 0.2168613520 0.1381183226 0.0621572174 0.0562064634 0.1384821339 0.2625519319 0.0289986154 
103 0.0974977480 0.2177227611 0.1391750621 0.0627421456 0.0565038628 0.1372950641 0.2597524870 0.0293108694 
104 0.0983703457 0.2183339151 0.1404148371 0.0633118712 0.0568370507 0.1362427788 0.2568631901 0.0296260115 
105 0.0992417547 0.2186982686 0.1418286589 0.0638631878 0.0572035808 0.1353236067 0.2538969850 0.0299439574 
106 0.1001119737 0.2188204378 0.1434068496 0.0643933920 0.0576004056 0.1345353464 0.2508669868 0.0302646081 
107 0.1009810011 0.2187061329 0.1451391151 0.0649002819 0.0580239435 0.1338752976 0.2477863756 0.0305878524 
108 0.1018488356 0.2183620846 0.1470146201 0.0653821505 0.0584701536 0.1333402951 0.2446682914 0.0309135691 
109 0.1027154759 0.2177959637 0.1490220659 0.0658377725 0.0589346160 0.1329267452 0.2415257307 0.0312416300 
110 0.1035809210 0.2170162963 0.1511497691 0.0662663857 0.0594126154 0.1326306634 0.2383714472 0.0315719018 
111 0.1044451700 0.2160323745 0.1533857411 0.0666676676 0.0598992292 0.1324477132 0.2352178561 0.0319042483 
112 0.1053082220 0.2148541645 0.1557177676 0.0670417071 0.0603894151 0.1323732463 0.2320769444 0.0322385330 
113 0.1061700763 0.2134922127 0.1581334870 0.0673889735 0.0608781001 0.1324023429 0.2289601869 0.0325746207 
114 0.1070307324 0.2119575509 0.1606204675 0.0677102810 0.0613602665 0.1325298523 0.2258784699 0.0329123794 
115 0.1078901899 0.2102616017 0.1631662820 0.0680067516 0.0618310368 0.1327504333 0.2228420225 0.0332516821 
116 0.1087484486 0.2084160848 0.1657585803 0.0682797756 0.0622857528 0.1330585935 0.2198603566 0.0335924078 
117 0.1096055082 0.2064329257 0.1683851578 0.0685309711 0.0627200501 0.1334487283 0.2169422154 0.0339344434 
118 0.1104613687 0.2043241670 0.1710340209 0.0687621427 0.0631299268 0.1339151581 0.2140955317 0.0342776841 
119 0.1113160301 0.2021018837 0.1736934474 0.0689752403 0.0635118037 0.1344521641 0.2113273960 0.0346220347 
120 0.1121694926 0.1997781028 0.1763520431 0.0691723179 0.0638625776 0.1350540223 0.2086440338 0.0349674098 
121 0.1130217564 0.1973647282 0.1789987925 0.0693554944 0.0641796652 0.1357150355 0.2060507930 0.0353137347 
122 0.1138728217 0.1948734705 0.1816231055 0.0695269150 0.0644610378 0.1364295630 0.2035521413 0.0356609452 
123 0.1147226890 0.1923157843 0.1842148575 0.0696887147 0.0647052468 0.1371920476 0.2011516723 0.0360089878 
124 0.1155713585 0.1897028106 0.1867644246 0.0698429852 0.0649114392 0.1379970405 0.1988521214 0.0363578198 
125 0.1164188308 0.1870453268 0.1892627137 0.0699917430 0.0650793634 0.1388392238 0.1966553900 0.0367074085 
126 0.1172651062 0.1843537031 0.1917011858 0.0701369017 0.0652093650 0.1397134291 0.1945625779 0.0370577312 
127 0.1181101853 0.1816378662 0.1940718749 0.0702802469 0.0653023737 0.1406146555 0.1925740230 0.0374087745 
128 0.1189540684 0.1789072698 0.1963674014 0.0704234149 0.0653598812 0.1415380825 0.1906893483 0.0377605334 
129 0.1197967562 0.1761708720 0.1985809797 0.0705678747 0.0653839099 0.1424790825 0.1889075142 0.0381130108 
130 0.1206382491 0.1734371190 0.2007064213 0.0707149139 0.0653769746 0.1434332292 0.1872268763 0.0384662165 
131 0.1214785474 0.1707139358 0.2027381338 0.0708656276 0.0653420370 0.1443963045 0.1856452477 0.0388201661 
132 0.1223176518 0.1680087221 0.2046711144 0.0710209118 0.0652824532 0.1453643025 0.1841599639 0.0391748804 
133 0.1231555625 0.1653283544 0.2065009403 0.0711814594 0.0652019172 0.1463334317 0.1827679505 0.0395303840 
134 0.1239922800 0.1626791929 0.2082237550 0.0713477603 0.0651043991 0.1473001152 0.1814657929 0.0398867046 
135 0.1248278046 0.1600670931 0.2098362521 0.0715201037 0.0649940804 0.1482609888 0.1802498056 0.0402438717 
136 0.1256621368 0.1574974215 0.2113356553 0.0716985846 0.0648752867 0.1492128979 0.1791161013 0.0406019159 
137 0.1264952766 0.1549750745 0.2127196969 0.0718831121 0.0647524202 0.1501528926 0.1780606593 0.0409608677 
138 0.1273272245 0.1525045005 0.2139865943 0.0720734201 0.0646298908 0.1510782220 0.1770793911 0.0413207567 
139 0.1281579807 0.1500897240 0.2151350240 0.0722690811 0.0645120490 0.1519863269 0.1761682033 0.0416816108 
140 0.1289875454 0.1477343720 0.2161640965 0.0724695206 0.0644031207 0.1528748327 0.1753230566 0.0420434555 
141 0.1298159188 0.1454417002 0.2170733282 0.0726740339 0.0643071446 0.1537415404 0.1745400211 0.0424063129 
142 0.1306431010 0.1432146214 0.2178626149 0.0728818036 0.0642279134 0.1545844188 0.1738153255 0.0427702013 
143 0.1314690922 0.1410557324 0.2185322046 0.0730919184 0.0641689201 0.1554015950 0.1731454024 0.0431351348 
144 0.1322938926 0.1389673416 0.2190826704 0.0733033921 0.0641333087 0.1561913459 0.1725269261 0.0435011227 
145 0.1331175023 0.1369514945 0.2195148849 0.0735151828 0.0641238317 0.1569520893 0.1719568453 0.0438681693 
146 0.1339399213 0.1350099987 0.2198299952 0.0737262124 0.0641428142 0.1576823759 0.1714324090 0.0442362733 
147 0.1347611499 0.1331444469 0.2200293989 0.0739353855 0.0641921235 0.1583808810 0.1709511859 0.0446054283 
148 0.1355811882 0.1313562376 0.2201147221 0.0741416076 0.0642731482 0.1590463971 0.1705110770 0.0449756222 
149 0.1364000364 0.1296465936 0.2200877984 0.0743438024 0.0643867823 0.1596778275 0.1701103218 0.0453468377 
150 0.1372176945 0.1280165780 0.2199506504 0.0745409287 0.0645334190 0.1602741797 0.1697474979 0.0457190518 
151 0.1380341629 0.1264671079 0.2197054718 0.0747319951 0.0647129500 0.1608345605 0.1694215149 0.0460922368 
152 0.1388494418 0.1249989648 0.2193546127 0.0749160738 0.0649247740 0.1613581716 0.1691316012 0.0464663601 
153 0.1396635314 0.1236128024 0.2189005659 0.0750923130 0.0651678105 0.1618443055 0.1688772869 0.0468413845 
154 0.1404764321 0.1223091523 0.2183459552 0.0752599470 0.0654405218 0.1622923427 0.1686583801 0.0472172689 
155 0.1412881441 0.1210884263 0.2176935255 0.0754183054 0.0657409407 0.1627017499 0.1684749396 0.0475939685 
156 0.1420986680 0.1199509165 0.2169461347 0.0755668202 0.0660667035 0.1630720785 0.1683272431 0.0479714355 
157 0.1429080041 0.1188967936 0.2161067472 0.0757050305 0.0664150892 0.1634029638 0.1682157522 0.0483496195 
158 0.1437161529 0.1179261022 0.2151784280 0.0758325868 0.0667830625 0.1636941250 0.1681410745 0.0487284680 
159 0.1445231150 0.1170387556 0.2141643397 0.0759492523 0.0671673207 0.1639453659 0.1681039236 0.0491079272 
160 0.1453288911 0.1162345276 0.2130677387 0.0760549031 0.0675643441 0.1641565756 0.1681050777 0.0494879422 
161 0.1461334816 0.1155130443 0.2118919738 0.0761495270 0.0679704478 0.1643277303 0.1681453373 0.0498684578 
162 0.1469368874 0.1148737750 0.2106404846 0.0762332204 0.0683818363 0.1644588943 0.1682254828 0.0502494192 
163 0.1477391093 0.1143160213 0.2093168006 0.0763061843 0.0687946571 0.1645502221 0.1683462332 0.0506307722 
164 0.1485401479 0.1138389081 0.2079245406 0.0763687186 0.0692050557 0.1646019604 0.1685082050 0.0510124637 
165 0.1493400043 0.1134413726 0.2064674125 0.0764212157 0.0696092290 0.1646144494 0.1687118739 0.0513944426 
166 0.1501386794 0.1131221557 0.2049492122 0.0764641533 0.0700034768 0.1645881248 0.1689575380 0.0517766599 
167 0.1509361740 0.1128797931 0.2033738228 0.0764980856 0.0703842513 0.1645235190 0.1692452850 0.0521590691 
168 0.1517324892 0.1127126077 0.2017452132 0.0765236351 0.0707482040 0.1644212623 0.1695749616 0.0525416268 
169 0.1525276261 0.1126187039 0.2000674360 0.0765414832 0.0710922278 0.1642820831 0.1699461472 0.0529242926 
170 0.1533215857 0.1125959630 0.1983446244 0.0765523602 0.0714134961 0.1641068084 0.1703581322 0.0533070300 
171 0.1541143693 0.1126420407 0.1965809884 0.0765570362 0.0717094966 0.1638963629 0.1708099001 0.0536898059 
172 0.1549059778 0.1127543670 0.1947808099 0.0765563113 0.0719780604 0.1636517682 0.1713001141 0.0540725913 
173 0.1556964125 0.1129301477 0.1929484369 0.0765510058 0.0722173853 0.1633741410 0.1718271094 0.0544553614 
174 0.1564856746 0.1131663689 0.1910882763 0.0765419509 0.0724260545 0.1630646900 0.1723888897 0.0548380951 
175 0.1572737654 0.1134598029 0.1892047854 0.0765299801 0.0726030484 0.1627247135 0.1729831283 0.0552207760 
176 0.1580606860 0.1138070180 0.1873024626 0.0765159205 0.0727477518 0.1623555945 0.1736071751 0.0556033915 
177 0.1588464376 0.1142043891 0.1853858368 0.0765005851 0.0728599541 0.1619587969 0.1742580672 0.0559859331 
178 0.1596310216 0.1146481120 0.1834594554 0.0764847651 0.0729398455 0.1615358592 0.1749325447 0.0563683965 
179 0.1604144392 0.1151342187 0.1815278715 0.0764692239 0.0729880062 0.1610883889 0.1756270704 0.0567507812 
180 0.1611966916 0.1156585961 0.1795956303 0.0764546909 0.0730053912 0.1606180555 0.1763378540 0.0571330904 
181 0.1619777801 0.1162170056 0.1776672542 0.0764418564 0.0729933105 0.1601265833 0.1770608791 0.0575153310 
182 0.1627577058 0.1168051050 0.1757472273 0.0764313672 0.0729534043 0.1596157433 0.1777919341 0.0578975129 
183 0.1635364700 0.1174184719 0.1738399798 0.0764238231 0.0728876145 0.1590873450 0.1785266460 0.0582796495 
184 0.1643140740 0.1180526282 0.1719498709 0.0764197743 0.0727981523 0.1585432276 0.1792605157 0.0586617570 
185 0.1650905188 0.1187030655 0.1700811724 0.0764197188 0.0726874636 0.1579852510 0.1799889559 0.0590438539 
186 0.1658658056 0.1193652717 0.1682380520 0.0764241013 0.0725581909 0.1574152865 0.1807073303 0.0594259616 
187 0.1666399356 0.1200347580 0.1664245560 0.0764333123 0.0724131346 0.1568352076 0.1814109929 0.0598081030 
188 0.1674129099 0.1207070851 0.1646445929 0.0764476880 0.0722552116 0.1562468802 0.1820953290 0.0601903033 
189 0.1681847295 0.1213778908 0.1629019173 0.0764675106 0.0720874147 0.1556521537 0.1827557944 0.0605725890 
190 0.1689553956 0.1220429155 0.1612001142 0.0764930093 0.0719127706 0.1550528519 0.1833879549 0.0609549879 
191 0.1697249091 0.1226980285 0.1595425841 0.0765243615 0.0717342998 0.1544507636 0.1839875246 0.0613375288 
192 0.1704932710 0.1233392518 0.1579325291 0.0765616941 0.0715549760 0.1538476343 0.1845504021 0.0617202415 
193 0.1712604824 0.1239627839 0.1563729400 0.0766050860 0.0713776885 0.1532451583 0.1850727050 0.0621031559 
194 0.1720265441 0.1245650212 0.1548665846 0.0766545698 0.0712052058 0.1526449705 0.1855508016 0.0624863025 
195 0.1727914570 0.1251425775 0.1534159971 0.0767101343 0.0710401422 0.1520486397 0.1859813404 0.0628697117 
196 0.1735552220 0.1256923028 0.1520234697 0.0767717268 0.0708849273 0.1514576621 0.1863612755 0.0632534139 
197 0.1743178400 0.1262112980 0.1506910447 0.0768392555 0.0707417782 0.1508734551 0.1866878896 0.0636374389 
198 0.1750793117 0.1266969293 0.1494205085 0.0769125922 0.0706126762 0.1502973530 0.1869588129 0.0640218161 
199 0.1758396380 0.1271468384 0.1482133881 0.0769915745 0.0704993471 0.1497306018 0.1871720378 0.0644065742 
200 0.1765988196 0.1275589519 0.1470709476 0.0770760082 0.0704032448 0.1491743563 0.1873259307 0.0647917410 
201 0.1773568571 0.1279314864 0.1459941882 0.0771656695 0.0703255399 0.1486296770 0.1874192388 0.0651773430 
202 0.1781137514 0.1282629529 0.1449838485 0.0772603071 0.0702671120 0.1480975284 0.1874510938 0.0655634059 
203 0.1788695030 0.1285521568 0.1440404071 0.0773596441 0.0702285465 0.1475787777 0.1874210107 0.0659499539 
204 0.1796241127 0.1287981971 0.1431640868 0.0774633801 0.0702101354 0.1470741943 0.1873288838 0.0663370097 
205 0.1803775810 0.1290004619 0.1423548601 0.0775711925 0.0702118816 0.1465844505 0.1871749780 0.0667245945 
206 0.1811299085 0.1291586221 0.1416124560 0.0776827381 0.0702335080 0.1461101223 0.1869599172 0.0671127279 
207 0.1818810959 0.1292726231 0.1409363691 0.0777976544 0.0702744695 0.1456516913 0.1866846691 0.0675014275 
208 0.1826311437 0.1293426743 0.1403258688 0.0779155613 0.0703339682 0.1452095473 0.1863505270 0.0678907094 
209 0.1833800524 0.1293692362 0.1397800103 0.0780360615 0.0704109725 0.1447839908 0.1859590888 0.0682805875 
210 0.1841278226 0.1293530071 0.1392976465 0.0781587421 0.0705042378 0.1443752369 0.1855122333 0.0686710737 
211 0.1848744548 0.1292949068 0.1388774408 0.0782831757 0.0706123304 0.1439834192 0.1850120945 0.0690621778 
212 0.1856199495 0.1291960603 0.1385178804 0.0784089208 0.0707336525 0.1436085943 0.1844610347 0.0694539076 
213 0.1863643072 0.1290577799 0.1382172905 0.0785355235 0.0708664697 0.1432507458 0.1838616149 0.0698462685 
214 0.1871075285 0.1288815467 0.1379738489 0.0786625181 0.0710089386 0.1429097904 0.1832165654 0.0702392635 
215 0.1878496138 0.1286689912 0.1377856007 0.0787894284 0.0711591356 0.1425855817 0.1825287552 0.0706328935 
216 0.1885905636 0.1284218744 0.1376504729 0.0789157691 0.0713150859 0.1422779164 0.1818011608 0.0710271568 
217 0.1893303785 0.1281420679 0.1375662899 0.0790410468 0.0714747923 0.1419865393 0.1810368359 0.0714220494 
218 0.1900690589 0.1278315346 0.1375307878 0.0791647617 0.0716362632 0.1417111482 0.1802388807 0.0718175647 
219 0.1908066054 0.1274923100 0.1375416290 0.0792864095 0.0717975401 0.1414513996 0.1794104127 0.0722136936 
220 0.1915430185 0.1271264834 0.1375964165 0.0794054828 0.0719567231 0.1412069131 0.1785545382 0.0726104245 
221 0.1922782987 0.1267361802 0.1376927069 0.0795214736 0.0721119956 0.1409772768 0.1776743249 0.0730077433 
222 0.1930124466 0.1263235455 0.1378280239 0.0796338751 0.0722616465 0.1407620517 0.1767727775 0.0734056332 
223 0.1937454628 0.1258907277 0.1379998703 0.0797421846 0.0724040905 0.1405607756 0.1758528132 0.0738040752 
224 0.1944773478 0.1254398644 0.1382057394 0.0798459060 0.0725378857 0.1403729679 0.1749172414 0.0742030474 
225 0.1952081022 0.1249730686 0.1384431257 0.0799445524 0.0726617486 0.1401981324 0.1739687443 0.0746025258 
226 0.1959377267 0.1244924171 0.1387095344 0.0800376495 0.0727745671 0.1400357611 0.1730098605 0.0750024837 
227 0.1966662220 0.1239999395 0.1390024905 0.0801247382 0.0728754097 0.1398853369 0.1720429710 0.0754028923 
228 0.1973935887 0.1234976096 0.1393195462 0.0802053783 0.0729635324 0.1397463361 0.1710702883 0.0758037203 
229 0.1981198276 0.1229873370 0.1396582882 0.0802791516 0.0730383829 0.1396182309 0.1700938472 0.0762049346 
230 0.1988449395 0.1224709613 0.1400163434 0.0803456651 0.0730996011 0.1395004905 0.1691154994 0.0766064998 
231 0.1995689250 0.1219502472 0.1403913838 0.0804045547 0.0731470179 0.1393925831 0.1681369097 0.0770083786 
232 0.2002917851 0.1214268809 0.1407811308 0.0804554883 0.0731806506 0.1392939764 0.1671595558 0.0774105320 
233 0.2010135207 0.1209024680 0.1411833585 0.0804981687 0.0732006961 0.1392041389 0.1661847293 0.0778129197 
234 0.2017341326 0.1203785327 0.1415958957 0.0805323373 0.0732075219 0.1391225400 0.1652135403 0.0782154995 
235 0.2024536217 0.1198565174 0.1420166282 0.0805577766 0.0732016545 0.1390486500 0.1642469231 0.0786182285 
236 0.2031719892 0.1193377848 0.1424434996 0.0805743127 0.0731837664 0.1389819403 0.1632856446 0.0790210625 
237 0.2038892360 0.1188236190 0.1428745116 0.0805818181 0.0731546610 0.1389218833 0.1623303144 0.0794239566 
238 0.2046053632 0.1183152291 0.1433077242 0.0805802136 0.0731152569 0.1388679515 0.1613813961 0.0798268655 
239 0.2053203719 0.1178137522 0.1437412552 0.0805694697 0.0730665701 0.1388196173 0.1604392201 0.0802297435 
240 0.2060342634 0.1173202576 0.1441732791 0.0805496084 0.0730096961 0.1387763526 0.1595039979 0.0806325449 
241 0.2067470387 0.1168357511 0.1446020266 0.0805207037 0.0729457911 0.1387376277 0.1585758366 0.0810352245 
242 0.2074586993 0.1163611794 0.1450257827 0.0804828821 0.0728760534 0.1387029112 0.1576547547 0.0814377371 
243 0.2081692463 0.1158974349 0.1454428861 0.0804363228 0.0728017043 0.1386716691 0.1567406978 0.0818400387 
244 0.2088786811 0.1154453603 0.1458517270 0.0803812567 0.0727239698 0.1386433647 0.1558335542 0.0822420862 
245 0.2095870052 0.1150057528 0.1462507468 0.0803179656 0.0726440627 0.1386174579 0.1549331715 0.0826438376 
246 0.2102942199 0.1145793689 0.1466384361 0.0802467806 0.0725631652 0.1385934053 0.1540393713 0.0830452526 
247 0.2110003268 0.1141669275 0.1470133344 0.0801680800 0.0724824135 0.1385706602 0.1531519648 0.0834462928 
248 0.2117053272 0.1137691138 0.1473740292 0.0800822867 0.0724028822 0.1385486727 0.1522707666 0.0838469216 
249 0.2124092228 0.1133865819 0.1477191555 0.0799898651 0.0723255717 0.1385268903 0.1513956081 0.0842471047 
250 0.2131120151 0.1130199573 0.1480473959 0.0798913179 0.0722513959 0.1385047582 0.1505263497 0.0846468101 
251 0.2138137057 0.1126698382 0.1483574808 0.0797871817 0.0721811726 0.1384817207 0.1496628918 0.0850460085 
252 0.2145142962 0.1123367971 0.1486481891 0.0796780231 0.0721156148 0.1384572221 0.1488051842 0.0854446735 
253 0.2152137883 0.1120213803 0.1489183495 0.0795644337 0.0720553245 0.1384307079 0.1479532344 0.0858427814 
254 0.2159121836 0.1117241083 0.1491668417 0.0794470256 0.0720007882 0.1384016267 0.1471071144 0.0862403115 
255 0.2166094839 0.1114454744 0.1493925981 0.0793264259 0.0719523742 0.1383694321 0.1462669652 0.0866372463 
256 0.2173056907 0.1111859432 0.1495946063 0.0792032713 0.0719103317 0.1383335843 0.1454330010 0.0870335715 
257 0.2180008059 0.1109459482 0.1497719116 0.0790782027 0.0718747923 0.1382935529 0.1446055105 0.0874292758 
258 0.2186948311 0.1107258893 0.1499236195 0.0789518600 0.0718457725 0.1382488187 0.1437848576 0.0878243514 
259 0.2193877681 0.1105261291 0.1500488991 0.0788248758 0.0718231781 0.1381988767 0.1429714798 0.0882187934 
260 0.2200796186 0.1103469896 0.1501469860 0.0786978706 0.0718068103 0.1381432387 0.1421658861 0.0886126001 
261 0.2207703842 0.1101887484 0.1502171862 0.0785714472 0.0717963732 0.1380814354 0.1413686523 0.0890057730 
262 0.2214600668 0.1100516337 0.1502588790 0.0784461854 0.0717914823 0.1380130200 0.1405804163 0.0893983165 
263 0.2221486680 0.1099358208 0.1502715211 0.0783226372 0.0717916740 0.1379375701 0.1398018710 0.0897902377 
264 0.2228361896 0.1098414271 0.1502546496 0.0782013224 0.0717964164 0.1378546910 0.1390337572 0.0901815466 
265 0.2235226331 0.1097685080 0.1502078858 0.0780827238 0.0718051203 0.1377640181 0.1382768553 0.0905722555 
266 0.2242080004 0.1097170525 0.1501309382 0.0779672842 0.0718171509 0.1376652192 0.1375319755 0.0909623791 
267 0.2248922929 0.1096869793 0.1500236054 0.0778554022 0.0718318400 0.1375579972 0.1367999487 0.0913519343 
268 0.2255755124 0.1096781331 0.1498857793 0.0777474297 0.0718484981 0.1374420919 0.1360816159 0.0917409397 
269 0.2262576606 0.1096902813 0.1497174467 0.0776436696 0.0718664259 0.1373172824 0.1353778180 0.0921294156 
270 0.2269387388 0.1097231114 0.1495186920 0.0775443739 0.0718849270 0.1371833883 0.1346893848 0.0925173838 
271 0.2276187488 0.1097762285 0.1492896981 0.0774497425 0.0719033182 0.1370402719 0.1340171249 0.0929048671 
272 0.2282976921 0.1098491542 0.1490307480 0.0773599223 0.0719209408 0.1368878383 0.1333618150 0.0932918893 
273 0.2289755702 0.1099413251 0.1487422244 0.0772750077 0.0719371706 0.1367260375 0.1327241900 0.0936784745 
274 0.2296523845 0.1100520934 0.1484246105 0.0771950405 0.0719514264 0.1365548637 0.1321049335 0.0940646476 
275 0.2303281366 0.1101807267 0.1480784886 0.0771200113 0.0719631788 0.1363743564 0.1315046685 0.0944504332 
276 0.2310028278 0.1103264103 0.1477045390 0.0770498611 0.0719719566 0.1361845999 0.1309239495 0.0948358558 
277 0.2316764597 0.1104882485 0.1473035379 0.0769844834 0.0719773530 0.1359857227 0.1303632550 0.0952209397 
278 0.2323490335 0.1106652686 0.1468763551 0.0769237271 0.0719790299 0.1357778968 0.1298229807 0.0956057084 
279 0.2330205506 0.1108564236 0.1464239502 0.0768673992 0.0719767216 0.1355613363 0.1293034341 0.0959901844 
280 0.2336910125 0.1110605977 0.1459473691 0.0768152687 0.0719702365 0.1353362963 0.1288048300 0.0963743894 
281 0.2343604203 0.1112766110 0.1454477393 0.0767670704 0.0719594580 0.1351030704 0.1283272870 0.0967583436 
282 0.2350287754 0.1115032257 0.1449262652 0.0767225091 0.0719443443 0.1348619893 0.1278708250 0.0971420661 
283 0.2356960790 0.1117391526 0.1443842220 0.0766812640 0.0719249264 0.1346134175 0.1274353642 0.0975255743 
284 0.2363623325 0.1119830580 0.1438229501 0.0766429937 0.0719013057 0.1343577515 0.1270207248 0.0979088837 
285 0.2370275370 0.1122335719 0.1432438481 0.0766073406 0.0718736497 0.1340954163 0.1266266279 0.0982920086 
286 0.2376916938 0.1124892953 0.1426483663 0.0765739362 0.0718421876 0.1338268622 0.1262526977 0.0986749609 
287 0.2383548041 0.1127488090 0.1420379991 0.0765424057 0.0718072045 0.1335525620 0.1258984645 0.0990577511 
288 0.2390168691 0.1130106822 0.1414142775 0.0765123730 0.0717690349 0.1332730072 0.1255633687 0.0994403875 
289 0.2396778900 0.1132734806 0.1407787614 0.0764834656 0.0717280555 0.1329887045 0.1252467657 0.0998228767 
290 0.2403378679 0.1135357762 0.1401330316 0.0764553192 0.0716846779 0.1327001723 0.1249479315 0.1002052234 
291 0.2409968042 0.1137961548 0.1394786817 0.0764275818 0.0716393405 0.1324079371 0.1246660694 0.1005874305 
292 0.2416546999 0.1140532257 0.1388173101 0.0763999181 0.0715925005 0.1321125295 0.1244003169 0.1009694993 
293 0.2423115562 0.1143056291 0.1381505121 0.0763720133 0.0715446252 0.1318144814 0.1241497534 0.1013514293 
294 0.2429673743 0.1145520449 0.1374798717 0.0763435764 0.0714961842 0.1315143215 0.1239134085 0.1017332186 
295 0.2436221554 0.1147911996 0.1368069543 0.0763143433 0.0714476411 0.1312125728 0.1236902698 0.1021148637 
296 0.2442759006 0.1150218740 0.1361332987 0.0762840795 0.0713994459 0.1309097486 0.1234792923 0.1024963603 
297 0.2449286113 0.1152429098 0.1354604104 0.0762525823 0.0713520271 0.1306063500 0.1232794067 0.1028777025 
298 0.2455802884 0.1154532152 0.1347897544 0.0762196821 0.0713057855 0.1303028625 0.1230895280 0.1032588837 
299 0.2462309333 0.1156517706 0.1341227490 0.0761852442 0.0712610875 0.1299997537 0.1229085649 0.1036398967 
300 0.2468805472 0.1158376331 0.1334607596 0.0761491688 0.0712182597 0.1296974704 0.1227354277 0.1040207335 
301 0.2475291312 0.1160099404 0.1328050933 0.0761113919 0.0711775840 0.1293964370 0.1225690366 0.1044013856 
302 0.2481766865 0.1161679141 0.1321569938 0.0760718846 0.0711392934 0.1290970529 0.1224083301 0.1047818445 
303 0.2488232145 0.1163108618 0.1315176369 0.0760306525 0.0711035696 0.1287996914 0.1222522718 0.1051621015 
304 0.2494687163 0.1164381789 0.1308881269 0.0759877341 0.0710705400 0.1285046978 0.1220998577 0.1055421482 
305 0.2501131932 0.1165493493 0.1302694930 0.0759432000 0.0710402766 0.1282123889 0.1219501228 0.1059219762 
306 0.2507566464 0.1166439454 0.1296626866 0.0758971499 0.0710127960 0.1279230517 0.1218021464 0.1063015777 
307 0.2513990772 0.1167216272 0.1290685792 0.0758497109 0.0709880594 0.1276369431 0.1216550577 0.1066809454 
308 0.2520404868 0.1167821415 0.1284879611 0.0758010343 0.0709659743 0.1273542896 0.1215080398 0.1070600727 
309 0.2526808765 0.1168253188 0.1279215399 0.0757512929 0.0709463967 0.1270752874 0.1213603339 0.1074389539 
310 0.2533202475 0.1168510713 0.1273699408 0.0757006776 0.0709291339 0.1268001028 0.1212112419 0.1078175842 
311 0.2539586012 0.1168593893 0.1268337061 0.0756493940 0.0709139484 0.1265288724 0.1210601290 0.1081959596 
312 0.2545959388 0.1168503373 0.1263132964 0.0755976585 0.0709005623 0.1262617042 0.1209064250 0.1085740774 
313 0.2552322616 0.1168240496 0.1258090915 0.0755456954 0.0708886622 0.1259986786 0.1207496253 0.1089519358 
314 0.2558675709 0.1167807260 0.1253213921 0.0754937322 0.0708779045 0.1257398490 0.1205892909 0.1093295343 
315 0.2565018678 0.1167206261 0.1248504219 0.0754419968 0.0708679216 0.1254852441 0.1204250482 0.1097068735 
316 0.2571351538 0.1166440648 0.1243963300 0.0753907132 0.0708583273 0.1252348683 0.1202565875 0.1100839550 
317 0.2577674300 0.1165514062 0.1239591938 0.0753400983 0.0708487240 0.1249887043 0.1200836617 0.1104607817 
318 0.2583986978 0.1164430582 0.1235390221 0.0752903587 0.0708387083 0.1247467138 0.1199060836 0.1108373575 
319 0.2590289583 0.1163194671 0.1231357582 0.0752416871 0.0708278779 0.1245088404 0.1197237238 0.1112136871 
320 0.2596582129 0.1161811121 0.1227492841 0.0751942597 0.0708158375 0.1242750101 0.1195365070 0.1115897764 
321 0.2602864628 0.1160284993 0.1223794237 0.0751482335 0.0708022054 0.1240451343 0.1193444089 0.1119656321 
322 0.2609137091 0.1158621571 0.1220259469 0.0751037438 0.0707866185 0.1238191111 0.1191474521 0.1123412613 
323 0.2615399532 0.1156826307 0.1216885735 0.0750609026 0.0707687384 0.1235968269 0.1189457025 0.1127166722 
324 0.2621651963 0.1154904772 0.1213669775 0.0750197965 0.0707482561 0.1233781586 0.1187392646 0.1130918733 
325 0.2627894395 0.1152862616 0.1210607909 0.0749804856 0.0707248965 0.1231629752 0.1185282774 0.1134668732 
326 0.2634126841 0.1150705524 0.1207696078 0.0749430029 0.0706984222 0.1229511394 0.1183129101 0.1138416812 
327 0.2640349312 0.1148439176 0.1204929884 0.0749073532 0.0706686369 0.1227425090 0.1180933575 0.1142163063 
328 0.2646561820 0.1146069218 0.1202304626 0.0748735137 0.0706353877 0.1225369385 0.1178698359 0.1145907577 
329 0.2652764377 0.1143601234 0.1199815342 0.0748414337 0.0705985674 0.1223342807 0.1176425785 0.1149650444 
330 0.2658956994 0.1141040716 0.1197456842 0.0748110354 0.0705581156 0.1221343874 0.1174118316 0.1153391749 
331 0.2665139683 0.1138393049 0.1195223744 0.0747822153 0.0705140188 0.1219371106 0.1171778504 0.1157131573 
332 0.2671312455 0.1135663496 0.1193110505 0.0747548449 0.0704663107 0.1217423039 0.1169408955 0.1160869994 
333 0.2677475322 0.1132857183 0.1191111452 0.0747287729 0.0704150712 0.1215498227 0.1167012295 0.1164607080 
334 0.2683628294 0.1129979098 0.1189220813 0.0747038270 0.0703604245 0.1213595254 0.1164591135 0.1168342890 
335 0.2689771383 0.1127034083 0.1187432741 0.0746798160 0.0703025372 0.1211712736 0.1162148047 0.1172077478 
336 0.2695904600 0.1124026839 0.1185741340 0.0746565324 0.0702416156 0.1209849325 0.1159685532 0.1175810884 
337 0.2702027956 0.1120961928 0.1184140687 0.0746337551 0.0701779018 0.1208003715 0.1157206006 0.1179543140 
338 0.2708141462 0.1117843785 0.1182624850 0.0746112518 0.0701116706 0.1206174643 0.1154711772 0.1183274264 
339 0.2714245128 0.1114676723 0.1181187911 0.0745887826 0.0700432250 0.1204360886 0.1152205011 0.1187004265 
340 0.2720338967 0.1111464949 0.1179823978 0.0745661021 0.0699728912 0.1202561265 0.1149687768 0.1190733139 
341 0.2726422988 0.1108212579 0.1178527202 0.0745429632 0.0699010146 0.1200774644 0.1147161940 0.1194460868 
342 0.2732497202 0.1104923650 0.1177291790 0.0745191197 0.0698279538 0.1198999925 0.1144629274 0.1198187424 
343 0.2738561622 0.1101602143 0.1176112011 0.0744943291 0.0697540762 0.1197236047 0.1142091359 0.1201912764 
344 0.2744616257 0.1098251993 0.1174982215 0.0744683559 0.0696797524 0.1195481984 0.1139549631 0.1205636837 
345 0.2750661120 0.1094877113 0.1173896832 0.0744409741 0.0696053509 0.1193736740 0.1137005369 0.1209359576 
346 0.2756696220 0.1091481404 0.1172850387 0.0744119696 0.0695312334 0.1191999347 0.1134459704 0.1213080907 
347 0.2762721569 0.1088068778 0.1171837501 0.0743811430 0.0694577495 0.1190268861 0.1131913624 0.1216800743 
348 0.2768737179 0.1084643164 0.1170852899 0.0743483114 0.0693852322 0.1188544356 0.1129367978 0.1220518988 
349 0.2774743061 0.1081208529 0.1169891415 0.0743133107 0.0693139935 0.1186824925 0.1126823490 0.1224235538 
350 0.2780739225 0.1077768883 0.1168947997 0.0742759969 0.0692443203 0.1185109672 0.1124280769 0.1227950280 
351 0.2786725685 0.1074328290 0.1168017711 0.0742362478 0.0691764711 0.1183397711 0.1121740317 0.1231663097 
352 0.2792702452 0.1070890873 0.1167095743 0.0741939640 0.0691106723 0.1181688162 0.1119202544 0.1235373863 
353 0.2798669537 0.1067460816 0.1166177405 0.0741490696 0.0690471163 0.1179980153 0.1116667779 0.1239082450 
354 0.2804626952 0.1064042370 0.1165258141 0.0741015130 0.0689859586 0.1178272813 0.1114136282 0.1242788725 
355 0.2810574709 0.1060639841 0.1164333528 0.0740512667 0.0689273168 0.1176565274 0.1111608257 0.1246492556 
356 0.2816512821 0.1057257595 0.1163399279 0.0739983275 0.0688712691 0.1174856667 0.1109083864 0.1250193807 
357 0.2822441300 0.1053900040 0.1162451254 0.0739427160 0.0688178543 0.1173146129 0.1106563230 0.1253892344 
358 0.2828360158 0.1050571621 0.1161485458 0.0738844759 0.0687670715 0.1171432797 0.1104046457 0.1257588035 
359 0.2834269408 0.1047276805 0.1160498052 0.0738236729 0.0687188809 0.1169715812 0.1101533636 0.1261280749 
360 0.2840169062 0.1044020062 0.1159485352 0.0737603939 0.0686732049 0.1167994321 0.1099024855 0.1264970361 
361 0.2846059133 0.1040805846 0.1158443842 0.0736947451 0.0686299297 0.1166267480 0.1096520202 0.1268656749 
362 0.2851939635 0.1037638576 0.1157370176 0.0736268504 0.0685889077 0.1164534456 0.1094019778 0.1272339798 
363 0.2857810579 0.1034522612 0.1156261183 0.0735568500 0.0685499596 0.1162794434 0.1091523698 0.1276019399 
364 0.2863671979 0.1031462231 0.1155113878 0.0734848977 0.0685128774 0.1161046614 0.1089032096 0.1279695450 
365 0.2869523848 0.1028461598 0.1153925464 0.0734111596 0.0684774281 0.1159290224 0.1086545130 0.1283367859 
366 0.2875366200 0.1025524742 0.1152693341 0.0733358109 0.0684433568 0.1157524519 0.1084062981 0.1287036540 
