# starting the propagation ...
# ... propagating a 4 x 4 matrix

0 0.0009994983 0.9966754830 0.0023193704 0.0000056482 
1 0.0019979859 0.9929914233 0.0049868166 0.0000237742 
2 0.0029954504 0.9889728223 0.0079756749 0.0000560524 
3 0.0039918780 0.9846468437 0.0112572593 0.0001040191 
4 0.0049872533 0.9800425206 0.0148011637 0.0001690624 
5 0.0059815596 0.9751904567 0.0185755687 0.0002524150 
6 0.0069747792 0.9701225207 0.0225475525 0.0003551475 
7 0.0079668934 0.9648715407 0.0266834022 0.0004781638 
8 0.0089578825 0.9594709975 0.0309489223 0.0006221977 
9 0.0099477264 0.9539547225 0.0353097393 0.0007878118 
10 0.0109364045 0.9483566001 0.0397315987 0.0009753968 
11 0.0119238958 0.9427102788 0.0441806523 0.0011851730 
12 0.0129101793 0.9370488927 0.0486237347 0.0014171933 
13 0.0138952341 0.9314047946 0.0530286248 0.0016713466 
14 0.0148790393 0.9258093038 0.0573642930 0.0019473640 
15 0.0158615745 0.9202924702 0.0616011307 0.0022448246 
16 0.0168428199 0.9148828552 0.0657111612 0.0025631637 
17 0.0178227563 0.9096073317 0.0696682310 0.0029016810 
18 0.0188013650 0.9044909047 0.0734481797 0.0032595505 
19 0.0197786287 0.8995565519 0.0770289887 0.0036358306 
20 0.0207545308 0.8948250869 0.0803909071 0.0040294753 
21 0.0217290558 0.8903150441 0.0835165546 0.0044393455 
22 0.0227021894 0.8860425865 0.0863910023 0.0048642218 
23 0.0236739188 0.8820214362 0.0890018291 0.0053028159 
24 0.0246442323 0.8782628276 0.0913391562 0.0057537839 
25 0.0256131196 0.8747754830 0.0933956584 0.0062157390 
26 0.0265805719 0.8715656100 0.0951665540 0.0066872641 
27 0.0275465817 0.8686369208 0.0966495730 0.0071669244 
28 0.0285111431 0.8659906717 0.0978449051 0.0076532800 
29 0.0294742516 0.8636257225 0.0987551279 0.0081448980 
30 0.0304359040 0.8615386143 0.0993851177 0.0086403639 
31 0.0313960987 0.8597236652 0.0997419425 0.0091382936 
32 0.0323548354 0.8581730815 0.0998347401 0.0096373430 
33 0.0333121149 0.8568770844 0.0996745816 0.0101362191 
34 0.0342679397 0.8558240491 0.0992743228 0.0106336885 
35 0.0352223130 0.8550006564 0.0986484445 0.0111285861 
36 0.0361752396 0.8543920535 0.0978128837 0.0116198232 
37 0.0371267249 0.8539820240 0.0967848571 0.0121063940 
38 0.0380767757 0.8537531642 0.0955826787 0.0125873814 
39 0.0390253992 0.8536870645 0.0942255739 0.0130619625 
40 0.0399726038 0.8537644940 0.0927334901 0.0135294121 
41 0.0409183982 0.8539655874 0.0911269079 0.0139891065 
42 0.0418627920 0.8542700311 0.0894266519 0.0144405250 
43 0.0428057950 0.8546572483 0.0876537049 0.0148832518 
44 0.0437474174 0.8551065813 0.0858290254 0.0153169759 
45 0.0446876697 0.8555974685 0.0839733713 0.0157414905 
46 0.0456265626 0.8561096160 0.0821071294 0.0161566920 
47 0.0465641068 0.8566231625 0.0802501535 0.0165625773 
48 0.0475003128 0.8571188347 0.0784216115 0.0169592410 
49 0.0484351911 0.8575780946 0.0766398428 0.0173468715 
50 0.0493687520 0.8579832748 0.0749222267 0.0177257465 
51 0.0503010054 0.8583177042 0.0732850624 0.0180962280 
52 0.0512319606 0.8585658207 0.0717434621 0.0184587566 
53 0.0521616268 0.8587132710 0.0703112570 0.0188138452 
54 0.0530900124 0.8587469985 0.0690009166 0.0191620725 
55 0.0540171252 0.8586553163 0.0678234825 0.0195040760 
56 0.0549429723 0.8584279676 0.0667885152 0.0198405449 
57 0.0558675601 0.8580561715 0.0659040561 0.0201722122 
58 0.0567908945 0.8575326554 0.0651766027 0.0204998474 
59 0.0577129802 0.8568516737 0.0646110977 0.0208242484 
60 0.0586338212 0.8560090126 0.0642109321 0.0211462341 
61 0.0595534210 0.8550019820 0.0639779604 0.0214666366 
62 0.0604717818 0.8538293951 0.0639125299 0.0217862932 
63 0.0613889052 0.8524915353 0.0640135200 0.0221060395 
64 0.0623047920 0.8509901115 0.0642783947 0.0224267017 
65 0.0632194421 0.8493282032 0.0647032645 0.0227490902 
66 0.0641328545 0.8475101950 0.0652829579 0.0230739926 
67 0.0650450277 0.8455417019 0.0660111030 0.0234021674 
68 0.0659559592 0.8434294869 0.0668802151 0.0237343387 
69 0.0668656460 0.8411813705 0.0678817931 0.0240711905 
70 0.0677740842 0.8388061340 0.0690064200 0.0244133618 
71 0.0686812695 0.8363134177 0.0702438700 0.0247614428 
72 0.0695871970 0.8337136144 0.0715832181 0.0251159705 
73 0.0704918613 0.8310177599 0.0730129531 0.0254774257 
74 0.0713952564 0.8282374206 0.0745210923 0.0258462307 
75 0.0722973762 0.8253845805 0.0760952966 0.0262227468 
76 0.0731982139 0.8224715272 0.0777229860 0.0266072729 
77 0.0740977629 0.8195107394 0.0793914531 0.0270000446 
78 0.0749960159 0.8165147750 0.0810879749 0.0274012341 
79 0.0758929660 0.8134961625 0.0827999215 0.0278109501 
80 0.0767886057 0.8104672955 0.0845148605 0.0282292383 
81 0.0776829279 0.8074403312 0.0862206576 0.0286560834 
82 0.0785759253 0.8044270942 0.0879055705 0.0290914100 
83 0.0794675908 0.8014389852 0.0895583385 0.0295350854 
84 0.0803579176 0.7984868967 0.0911682638 0.0299869219 
85 0.0812468990 0.7955811348 0.0927252864 0.0304466798 
86 0.0821345284 0.7927313486 0.0942200521 0.0309140709 
87 0.0830207998 0.7899464668 0.0956439712 0.0313887621 
88 0.0839057074 0.7872346428 0.0969892704 0.0318703795 
89 0.0847892459 0.7846032070 0.0982490350 0.0323585122 
90 0.0856714103 0.7820586287 0.0994172439 0.0328527171 
91 0.0865521962 0.7796064852 0.1004887951 0.0333525234 
92 0.0874315997 0.7772514404 0.1014595230 0.0338574369 
93 0.0883096171 0.7749972306 0.1023262072 0.0343669451 
94 0.0891862456 0.7728466596 0.1030865731 0.0348805216 
95 0.0900614828 0.7708016015 0.1037392844 0.0353976312 
96 0.0909353269 0.7688630109 0.1042839280 0.0359177342 
97 0.0918077764 0.7670309414 0.1047209911 0.0364402911 
98 0.0926788306 0.7653045706 0.1050518319 0.0369647670 
99 0.0935484892 0.7636822318 0.1052786431 0.0374906359 
100 0.0944167525 0.7621614525 0.1054044101 0.0380173849 
101 0.0952836212 0.7607389981 0.1054328629 0.0385445177 
102 0.0961490967 0.7594109212 0.1053684235 0.0390715586 
103 0.0970131806 0.7581726148 0.1052161491 0.0395980555 
104 0.0978758750 0.7570188711 0.1049816709 0.0401235830 
105 0.0987371826 0.7559439417 0.1046711303 0.0406477454 
106 0.0995971062 0.7549416026 0.1042911127 0.0411701785 
107 0.1004556492 0.7540052198 0.1038485788 0.0416905523 
108 0.1013128150 0.7531278176 0.1033507952 0.0422085722 
109 0.1021686077 0.7523021474 0.1028052643 0.0427239806 
110 0.1030230313 0.7515207569 0.1022196539 0.0432365580 
111 0.1038760900 0.7507760588 0.1016017279 0.0437461233 
112 0.1047277883 0.7500603994 0.1009592778 0.0442525344 
113 0.1055781309 0.7493661250 0.1003000560 0.0447556881 
114 0.1064271223 0.7486856467 0.0996317112 0.0452555198 
115 0.1072747672 0.7480115033 0.0989617270 0.0457520025 
116 0.1081210703 0.7473364203 0.0982973630 0.0462451464 
117 0.1089660363 0.7466533666 0.0976456000 0.0467349972 
118 0.1098096697 0.7459556069 0.0970130888 0.0472216346 
119 0.1106519751 0.7452367507 0.0964061035 0.0477051707 
120 0.1114929569 0.7444907959 0.0958304993 0.0481857480 
121 0.1123326191 0.7437121693 0.0952916745 0.0486635370 
122 0.1131709659 0.7428957612 0.0947945387 0.0491387343 
123 0.1140080009 0.7420369553 0.0943434845 0.0496115593 
124 0.1148437279 0.7411316539 0.0939423658 0.0500822524 
125 0.1156781500 0.7401762981 0.0935944801 0.0505510718 
126 0.1165112704 0.7391678818 0.0933025572 0.0510182906 
127 0.1173430918 0.7381039620 0.0930687519 0.0514841943 
128 0.1181736166 0.7369826632 0.0928946426 0.0519490776 
129 0.1190028471 0.7358026767 0.0927812343 0.0524132419 
130 0.1198307850 0.7345632561 0.0927289670 0.0528769920 
131 0.1206574320 0.7332642069 0.0927377278 0.0533406334 
132 0.1214827892 0.7319058727 0.0928068681 0.0538044700 
133 0.1223068577 0.7304891168 0.0929352247 0.0542688008 
134 0.1231296381 0.7290152998 0.0931211439 0.0547339182 
135 0.1239511307 0.7274862541 0.0933625105 0.0552001048 
136 0.1247713356 0.7259042544 0.0936567785 0.0556676315 
137 0.1255902527 0.7242719863 0.0940010052 0.0561367559 
138 0.1264078814 0.7225925110 0.0943918882 0.0566077194 
139 0.1272242212 0.7208692293 0.0948258030 0.0570807465 
140 0.1280392711 0.7191058424 0.0952988437 0.0575560427 
141 0.1288530302 0.7173063122 0.0958068643 0.0580337933 
142 0.1296654970 0.7154748200 0.0963455205 0.0585141624 
143 0.1304766704 0.7136157248 0.0969103127 0.0589972921 
144 0.1312865486 0.7117335213 0.0974966287 0.0594833014 
145 0.1320951301 0.7098327975 0.0980997860 0.0599722864 
146 0.1329024132 0.7079181934 0.0987150739 0.0604643195 
147 0.1337083960 0.7059943600 0.0993377944 0.0609594495 
148 0.1345130769 0.7040659193 0.0999633017 0.0614577021 
149 0.1353164539 0.7021374260 0.1005870405 0.0619590796 
150 0.1361185252 0.7002133308 0.1012045819 0.0624635621 
151 0.1369192891 0.6982979453 0.1018116576 0.0629711079 
152 0.1377187439 0.6963954097 0.1024041920 0.0634816544 
153 0.1385168878 0.6945096622 0.1029783309 0.0639951192 
154 0.1393137193 0.6926444112 0.1035304685 0.0645114010 
155 0.1401092371 0.6908031108 0.1040572706 0.0650303816 
156 0.1409034397 0.6889889383 0.1045556956 0.0655519264 
157 0.1416963260 0.6872047754 0.1050230120 0.0660758867 
158 0.1424878949 0.6854531916 0.1054568128 0.0666021006 
159 0.1432781457 0.6837364319 0.1058550269 0.0671303954 
160 0.1440670777 0.6820564066 0.1062159271 0.0676605887 
161 0.1448546903 0.6804146845 0.1065381351 0.0681924902 
162 0.1456409832 0.6788124896 0.1068206234 0.0687259038 
163 0.1464259565 0.6772507001 0.1070627144 0.0692606290 
164 0.1472096101 0.6757298513 0.1072640756 0.0697964630 
165 0.1479919445 0.6742501402 0.1074247135 0.0703332019 
166 0.1487729601 0.6728114337 0.1075449635 0.0708706427 
167 0.1495526576 0.6714132793 0.1076254780 0.0714085852 
168 0.1503310379 0.6700549174 0.1076672118 0.0719468329 
169 0.1511081022 0.6687352973 0.1076714058 0.0724851947 
170 0.1518838518 0.6674530934 0.1076395680 0.0730234868 
171 0.1526582881 0.6662067251 0.1075734536 0.0735615333 
172 0.1534314127 0.6649943768 0.1074750430 0.0740991675 
173 0.1542032275 0.6638140202 0.1073465188 0.0746362335 
174 0.1549737345 0.6626634377 0.1071902415 0.0751725864 
175 0.1557429356 0.6615402461 0.1070087245 0.0757080938 
176 0.1565108332 0.6604419221 0.1068046088 0.0762426360 
177 0.1572774295 0.6593658268 0.1065806370 0.0767761068 
178 0.1580427269 0.6583092322 0.1063396269 0.0773084139 
179 0.1588067280 0.6572693464 0.1060844462 0.0778394794 
180 0.1595694354 0.6562433389 0.1058179861 0.0783692396 
181 0.1603308516 0.6552283660 0.1055431371 0.0788976453 
182 0.1610909793 0.6542215951 0.1052627639 0.0794246618 
183 0.1618498212 0.6532202281 0.1049796823 0.0799502684 
184 0.1626073800 0.6522215247 0.1046966367 0.0804744587 
185 0.1633636584 0.6512228233 0.1044162790 0.0809972393 
186 0.1641186591 0.6502215616 0.1041411491 0.0815186302 
187 0.1648723847 0.6492152955 0.1038736563 0.0820386635 
188 0.1656248378 0.6482017161 0.1036160628 0.0825573833 
189 0.1663760211 0.6471786657 0.1033704690 0.0830748442 
190 0.1671259369 0.6461441516 0.1031388003 0.0835911112 
191 0.1678745878 0.6450963581 0.1029227958 0.0841062583 
192 0.1686219760 0.6440336571 0.1027239991 0.0846203679 
193 0.1693681038 0.6429546162 0.1025437507 0.0851335293 
194 0.1701129734 0.6418580054 0.1023831830 0.0856458382 
195 0.1708565869 0.6407428015 0.1022432162 0.0861573955 
196 0.1715989461 0.6396081912 0.1021245568 0.0866683059 
197 0.1723400530 0.6384535716 0.1020276981 0.0871786774 
198 0.1730799092 0.6372785492 0.1019529218 0.0876886197 
199 0.1738185164 0.6360829377 0.1019003023 0.0881982436 
200 0.1745558762 0.6348667530 0.1018697114 0.0887076595 
201 0.1752919898 0.6336302076 0.1018608257 0.0892169769 
202 0.1760268587 0.6323737033 0.1018731350 0.0897263031 
203 0.1767604839 0.6310978216 0.1019059521 0.0902357424 
204 0.1774928665 0.6298033146 0.1019584235 0.0907453954 
205 0.1782240077 0.6284910929 0.1020295417 0.0912553578 
206 0.1789539081 0.6271622135 0.1021181584 0.0917657200 
207 0.1796825687 0.6258178670 0.1022229980 0.0922765664 
208 0.1804099900 0.6244593629 0.1023426723 0.0927879747 
209 0.1811361729 0.6230881159 0.1024756958 0.0933000154 
210 0.1818611179 0.6217056300 0.1026205008 0.0938127513 
211 0.1825848253 0.6203134838 0.1027754535 0.0943262373 
212 0.1833072959 0.6189133146 0.1029388696 0.0948405200 
213 0.1840285299 0.6175068028 0.1031090301 0.0953556373 
214 0.1847485277 0.6160956566 0.1032841972 0.0958716186 
215 0.1854672897 0.6146815962 0.1034626294 0.0963884847 
216 0.1861848162 0.6132663394 0.1036425969 0.0969062475 
217 0.1869011077 0.6118515865 0.1038223955 0.0974249104 
218 0.1876161643 0.6104390068 0.1040003606 0.0979444683 
219 0.1883299865 0.6090302248 0.1041748805 0.0984649082 
220 0.1890425746 0.6076268081 0.1043444084 0.0989862088 
221 0.1897539291 0.6062302554 0.1045074740 0.0995083415 
222 0.1904640502 0.6048419858 0.1046626935 0.1000312705 
223 0.1911729386 0.6034633288 0.1048087794 0.1005549532 
224 0.1918805946 0.6020955159 0.1049445484 0.1010793411 
225 0.1925870189 0.6007396725 0.1050689288 0.1016043797 
226 0.1932922121 0.5993968118 0.1051809664 0.1021300098 
227 0.1939961747 0.5980678287 0.1052798292 0.1026561674 
228 0.1946989076 0.5967534963 0.1053648112 0.1031827849 
229 0.1954004116 0.5954544620 0.1054353350 0.1037097914 
230 0.1961006875 0.5941712462 0.1054909529 0.1042371134 
231 0.1967997363 0.5929042412 0.1055313470 0.1047646755 
232 0.1974975591 0.5916537112 0.1055563286 0.1052924011 
233 0.1981941568 0.5904197943 0.1055658359 0.1058202130 
234 0.1988895307 0.5892025042 0.1055599313 0.1063480338 
235 0.1995836821 0.5880017341 0.1055387969 0.1068757869 
236 0.2002766122 0.5868172607 0.1055027302 0.1074033969 
237 0.2009683226 0.5856487495 0.1054521380 0.1079307900 
238 0.2016588145 0.5844957608 0.1053875299 0.1084578949 
239 0.2023480897 0.5833577561 0.1053095113 0.1089846429 
240 0.2030361496 0.5822341060 0.1052187757 0.1095109688 
241 0.2037229960 0.5811240974 0.1051160959 0.1100368108 
242 0.2044086306 0.5800269424 0.1050023158 0.1105621112 
243 0.2050930551 0.5789417870 0.1048783410 0.1110868169 
244 0.2057762714 0.5778677198 0.1047451295 0.1116108792 
245 0.2064582814 0.5768037819 0.1046036822 0.1121342545 
246 0.2071390870 0.5757489759 0.1044550330 0.1126569041 
247 0.2078186901 0.5747022756 0.1043002397 0.1131787946 
248 0.2084970927 0.5736626354 0.1041403739 0.1136998980 
249 0.2091742968 0.5726289998 0.1039765117 0.1142201917 
250 0.2098503044 0.5716003125 0.1038097249 0.1147396582 
251 0.2105251175 0.5705755252 0.1036410715 0.1152582858 
252 0.2111987383 0.5695536066 0.1034715876 0.1157760676 
253 0.2118711686 0.5685335502 0.1033022792 0.1162930020 
254 0.2125424106 0.5675143824 0.1031341147 0.1168090923 
255 0.2132124663 0.5664951695 0.1029680177 0.1173243466 
256 0.2138813377 0.5654750246 0.1028048604 0.1178387774 
257 0.2145490267 0.5644531139 0.1026454579 0.1183524014 
258 0.2152155355 0.5634286618 0.1024905633 0.1188652395 
259 0.2158808658 0.5624009561 0.1023408623 0.1193773157 
260 0.2165450197 0.5613693521 0.1021969704 0.1198886578 
261 0.2172079991 0.5603332761 0.1020594288 0.1203992960 
262 0.2178698058 0.5592922280 0.1019287028 0.1209092634 
263 0.2185304415 0.5582457839 0.1018051795 0.1214185951 
264 0.2191899083 0.5571935969 0.1016891671 0.1219273278 
265 0.2198482077 0.5561353982 0.1015808945 0.1224354997 
266 0.2205053414 0.5550709968 0.1014805120 0.1229431499 
267 0.2211613112 0.5540002791 0.1013880916 0.1234503181 
268 0.2218161187 0.5529232077 0.1013036296 0.1239570441 
269 0.2224697654 0.5518398190 0.1012270481 0.1244633675 
270 0.2231222529 0.5507502213 0.1011581983 0.1249693274 
271 0.2237735827 0.5496545915 0.1010968637 0.1254749620 
272 0.2244237563 0.5485531716 0.1010427639 0.1259803081 
273 0.2250727751 0.5474462649 0.1009955588 0.1264854012 
274 0.2257206404 0.5463342315 0.1009548535 0.1269902746 
275 0.2263673537 0.5452174834 0.1009202031 0.1274949598 
276 0.2270129162 0.5440964800 0.1008911179 0.1279994859 
277 0.2276573293 0.5429717223 0.1008670690 0.1285038794 
278 0.2283005942 0.5418437478 0.1008474939 0.1290081640 
279 0.2289427122 0.5407131245 0.1008318025 0.1295123608 
280 0.2295836845 0.5395804454 0.1008193826 0.1300164875 
281 0.2302235123 0.5384463227 0.1008096060 0.1305205590 
282 0.2308621968 0.5373113820 0.1008018344 0.1310245869 
283 0.2314997391 0.5361762564 0.1007954249 0.1315285796 
284 0.2321361405 0.5350415811 0.1007897360 0.1320325424 
285 0.2327714021 0.5339079880 0.1007841328 0.1325364771 
286 0.2334055251 0.5327760999 0.1007779922 0.1330403828 
287 0.2340385107 0.5316465260 0.1007707082 0.1335442551 
288 0.2346703600 0.5305198567 0.1007616963 0.1340480870 
289 0.2353010742 0.5293966593 0.1007503982 0.1345518683 
290 0.2359306545 0.5282774738 0.1007362854 0.1350555863 
291 0.2365591021 0.5271628087 0.1007188635 0.1355592256 
292 0.2371864183 0.5260531382 0.1006976749 0.1360627686 
293 0.2378126042 0.5249488985 0.1006723019 0.1365661954 
294 0.2384376611 0.5238504855 0.1006423694 0.1370694840 
295 0.2390615903 0.5227582523 0.1006075465 0.1375726109 
296 0.2396843931 0.5216725077 0.1005675483 0.1380755509 
297 0.2403060709 0.5205935145 0.1005221372 0.1385782774 
298 0.2409266249 0.5195214888 0.1004711234 0.1390807629 
299 0.2415460566 0.5184565992 0.1004143652 0.1395829790 
300 0.2421643673 0.5173989669 0.1003517690 0.1400848968 
301 0.2427815585 0.5163486659 0.1002832887 0.1405864869 
302 0.2433976317 0.5153057237 0.1002089248 0.1410877199 
303 0.2440125883 0.5142701222 0.1001287231 0.1415885664 
304 0.2446264299 0.5132417994 0.1000427731 0.1420889975 
305 0.2452391580 0.5122206511 0.0999512062 0.1425889848 
306 0.2458507741 0.5112065325 0.0998541929 0.1430885005 
307 0.2464612800 0.5101992611 0.0997519409 0.1435875180 
308 0.2470706771 0.5091986192 0.0996446921 0.1440860116 
309 0.2476789671 0.5082043563 0.0995327195 0.1445839570 
310 0.2482861518 0.5072161926 0.0994163242 0.1450813314 
311 0.2488922327 0.5062338220 0.0992958319 0.1455781134 
312 0.2494972117 0.5052569151 0.0991715897 0.1460742835 
313 0.2501010903 0.5042851234 0.0990439626 0.1465698237 
314 0.2507038704 0.5033180818 0.0989133297 0.1470647181 
315 0.2513055537 0.5023554128 0.0987800809 0.1475589526 
316 0.2519061420 0.5013967299 0.0986446129 0.1480525152 
317 0.2525056370 0.5004416408 0.0985073265 0.1485453957 
318 0.2531040405 0.4994897513 0.0983686220 0.1490375861 
319 0.2537013543 0.4985406684 0.0982288970 0.1495290802 
320 0.2542975803 0.4975940034 0.0980885423 0.1500198740 
321 0.2548927200 0.4966493754 0.0979479393 0.1505099653 
322 0.2554867755 0.4957064140 0.0978074569 0.1509993536 
323 0.2560797484 0.4947647624 0.0976674486 0.1514880406 
324 0.2566716405 0.4938240795 0.0975282505 0.1519760295 
325 0.2572624536 0.4928840429 0.0973901785 0.1524633250 
326 0.2578521895 0.4919443506 0.0972535263 0.1529499336 
327 0.2584408500 0.4910047232 0.0971185637 0.1534358631 
328 0.2590284367 0.4900649055 0.0969855353 0.1539211225 
329 0.2596149514 0.4891246679 0.0968546587 0.1544057220 
330 0.2602003959 0.4881838076 0.0967261235 0.1548896730 
331 0.2607847718 0.4872421498 0.0966000910 0.1553729874 
332 0.2613680809 0.4862995476 0.0964766932 0.1558556783 
333 0.2619503249 0.4853558834 0.0963560328 0.1563377589 
334 0.2625315053 0.4844110682 0.0962381832 0.1568192433 
335 0.2631116239 0.4834650420 0.0961231885 0.1573001455 
336 0.2636906823 0.4825177733 0.0960110644 0.1577804800 
337 0.2642686822 0.4815692582 0.0959017987 0.1582602609 
338 0.2648456250 0.4806195203 0.0957953521 0.1587395027 
339 0.2654215124 0.4796686090 0.0956916595 0.1592182191 
340 0.2659963460 0.4787165987 0.0955906316 0.1596964237 
341 0.2665701274 0.4777635873 0.0954921557 0.1601741296 
342 0.2671428580 0.4768096947 0.0953960980 0.1606513493 
343 0.2677145395 0.4758550609 0.0953023052 0.1611280944 
344 0.2682851733 0.4748998447 0.0952106061 0.1616043758 
345 0.2688547609 0.4739442213 0.0951208142 0.1620802036 
346 0.2694233038 0.4729883805 0.0950327289 0.1625555868 
347 0.2699908036 0.4720325245 0.0949461385 0.1630305334 
348 0.2705572617 0.4710768662 0.0948608218 0.1635050503 
349 0.2711226795 0.4701216265 0.0947765506 0.1639791434 
350 0.2716870585 0.4691670327 0.0946930916 0.1644528172 
351 0.2722504002 0.4682133158 0.0946102088 0.1649260752 
352 0.2728127060 0.4672607088 0.0945276653 0.1653989198 
353 0.2733739774 0.4663094447 0.0944452258 0.1658713521 
354 0.2739342159 0.4653597541 0.0943626582 0.1663433719 
355 0.2744934227 0.4644118635 0.0942797357 0.1668149781 
356 0.2750515995 0.4634659935 0.0941962386 0.1672861683 
357 0.2756087477 0.4625223571 0.0941119560 0.1677569391 
358 0.2761648686 0.4615811578 0.0940266873 0.1682272862 
359 0.2767199639 0.4606425885 0.0939402436 0.1686972041 
360 0.2772740348 0.4597068297 0.0938524491 0.1691666864 
361 0.2778270829 0.4587740487 0.0937631424 0.1696357260 
362 0.2783791097 0.4578443983 0.0936721770 0.1701043150 
363 0.2789301166 0.4569180159 0.0935794228 0.1705724448 
364 0.2794801050 0.4559950227 0.0934847662 0.1710401061 
365 0.2800290766 0.4550755234 0.0933881108 0.1715072891 
366 0.2805770328 0.4541596053 0.0932893782 0.1719739837 
367 0.2811239751 0.4532473382 0.0931885073 0.1724401794 
368 0.2816699050 0.4523387746 0.0930854552 0.1729058652 
369 0.2822148241 0.4514339491 0.0929801966 0.1733710302 
370 0.2827587338 0.4505328792 0.0928727236 0.1738356634 
371 0.2833016358 0.4496355650 0.0927630454 0.1742997538 
372 0.2838435316 0.4487419903 0.0926511879 0.1747632903 
373 0.2843844227 0.4478521227 0.0925371926 0.1752262621 
374 0.2849243107 0.4469659143 0.0924211162 0.1756886587 
375 0.2854631973 0.4460833031 0.0923030298 0.1761504699 
376 0.2860010839 0.4452042130 0.0921830173 0.1766116858 
377 0.2865379723 0.4443285555 0.0920611752 0.1770722970 
378 0.2870738639 0.4434562307 0.0919376107 0.1775322947 
379 0.2876087605 0.4425871280 0.0918124411 0.1779916705 
380 0.2881426636 0.4417211278 0.0916857920 0.1784504166 
381 0.2886755749 0.4408581024 0.0915577966 0.1789085261 
382 0.2892074959 0.4399979176 0.0914285939 0.1793659926 
383 0.2897384284 0.4391404338 0.0912983275 0.1798228103 
384 0.2902683740 0.4382855071 0.0911671446 0.1802789743 
385 0.2907973343 0.4374329911 0.0910351942 0.1807344805 
386 0.2913253109 0.4365827377 0.0909026261 0.1811893252 
387 0.2918523056 0.4357345989 0.0907695896 0.1816435059 
388 0.2923783198 0.4348884274 0.0906362322 0.1820970206 
389 0.2929033554 0.4340440782 0.0905026984 0.1825498680 
390 0.2934274139 0.4332014097 0.0903691288 0.1830020475 
391 0.2939504971 0.4323602847 0.0902356588 0.1834535594 
392 0.2944726064 0.4315205714 0.0901024177 0.1839044045 
393 0.2949937436 0.4306821443 0.0899695279 0.1843545842 
394 0.2955139103 0.4298448853 0.0898371039 0.1848041006 
395 0.2960331081 0.4290086840 0.0897052517 0.1852529562 
396 0.2965513387 0.4281734389 0.0895740682 0.1857011542 
397 0.2970686037 0.4273390575 0.0894436407 0.1861486981 
398 0.2975849046 0.4265054572 0.0893140462 0.1865955920 
399 0.2981002432 0.4256725655 0.0891853512 0.1870418401 
400 0.2986146210 0.4248403202 0.0890576117 0.1874874471 
401 0.2991280396 0.4240086698 0.0889308727 0.1879324179 
402 0.2996405006 0.4231775735 0.0888051684 0.1883767575 
403 0.3001520056 0.4223470012 0.0886805219 0.1888204713 
404 0.3006625562 0.4215169334 0.0885569459 0.1892635645 
405 0.3011721539 0.4206873611 0.0884344424 0.1897060426 
406 0.3016808003 0.4198582857 0.0883130032 0.1901479107 
407 0.3021884970 0.4190297183 0.0881926104 0.1905891744 
408 0.3026952455 0.4182016794 0.0880732366 0.1910298386 
409 0.3032010473 0.4173741986 0.0879548457 0.1914699084 
410 0.3037059041 0.4165473142 0.0878373932 0.1919093886 
411 0.3042098172 0.4157210719 0.0877208271 0.1923482838 
412 0.3047127884 0.4148955251 0.0876050883 0.1927865982 
413 0.3052148190 0.4140707333 0.0874901118 0.1932243359 
414 0.3057159106 0.4132467622 0.0873758267 0.1936615005 
415 0.3062160647 0.4124236824 0.0872621577 0.1940980952 
416 0.3067152828 0.4116015688 0.0871490255 0.1945341230 
417 0.3072135663 0.4107804997 0.0870363477 0.1949695862 
418 0.3077109169 0.4099605563 0.0869240397 0.1954044871 
419 0.3082073360 0.4091418216 0.0868120153 0.1958388271 
420 0.3087028251 0.4083243798 0.0867001876 0.1962726075 
421 0.3091973857 0.4075083153 0.0865884698 0.1967058292 
422 0.3096910192 0.4066937124 0.0864767762 0.1971384923 
423 0.3101837271 0.4058806539 0.0863650221 0.1975705968 
424 0.3106755110 0.4050692210 0.0862531257 0.1980021423 
425 0.3111663723 0.4042594923 0.0861410076 0.1984331277 
426 0.3116563125 0.4034515434 0.0860285922 0.1988635518 
427 0.3121453331 0.4026454460 0.0859158078 0.1992934130 
428 0.3126334355 0.4018412678 0.0858025875 0.1997227092 
429 0.3131206213 0.4010390715 0.0856888691 0.2001514381 
430 0.3136068919 0.4002389150 0.0855745962 0.2005795970 
431 0.3140922488 0.3994408503 0.0854597179 0.2010071830 
432 0.3145766935 0.3986449238 0.0853441896 0.2014341931 
433 0.3150602275 0.3978511759 0.0852279728 0.2018606238 
434 0.3155428523 0.3970596405 0.0851110356 0.2022864716 
435 0.3160245694 0.3962703452 0.0849933525 0.2027117329 
436 0.3165053802 0.3954833111 0.0848749049 0.2031364038 
437 0.3169852863 0.3946985527 0.0847556803 0.2035604806 
438 0.3174642892 0.3939160782 0.0846356733 0.2039839593 
439 0.3179423903 0.3931358891 0.0845148845 0.2044068360 
440 0.3184195912 0.3923579810 0.0843933208 0.2048291069 
441 0.3188958934 0.3915823433 0.0842709953 0.2052507680 
442 0.3193712984 0.3908089593 0.0841479267 0.2056718156 
443 0.3198458077 0.3900378071 0.0840241391 0.2060922461 
444 0.3203194228 0.3892688595 0.0838996618 0.2065120558 
445 0.3207921453 0.3885020844 0.0837745288 0.2069312416 
446 0.3212639765 0.3877374450 0.0836487784 0.2073498001 
447 0.3217349182 0.3869749007 0.0835224527 0.2077677284 
448 0.3222049718 0.3862144071 0.0833955974 0.2081850237 
449 0.3226741387 0.3854559166 0.0832682611 0.2086016836 
450 0.3231424206 0.3846993790 0.0831404947 0.2090177056 
451 0.3236098190 0.3839447417 0.0830123514 0.2094330879 
452 0.3240763353 0.3831919504 0.0828838857 0.2098478286 
453 0.3245419712 0.3824409494 0.0827551531 0.2102619263 
454 0.3250067280 0.3816916825 0.0826262097 0.2106753798 
455 0.3254706075 0.3809440928 0.0824971116 0.2110881881 
456 0.3259336109 0.3801981237 0.0823679146 0.2115003507 
457 0.3263957400 0.3794537193 0.0822386734 0.2119118672 
458 0.3268569962 0.3787108245 0.0821094417 0.2123227375 
459 0.3273173811 0.3779693858 0.0819802714 0.2127329617 
460 0.3277768961 0.3772293514 0.0818512121 0.2131425404 
461 0.3282355427 0.3764906717 0.0817223114 0.2135514741 
462 0.3286933225 0.3757532997 0.0815936139 0.2139597638 
463 0.3291502370 0.3750171911 0.0814651612 0.2143674107 
464 0.3296062877 0.3742823046 0.0813369917 0.2147744159 
465 0.3300614761 0.3735486024 0.0812091403 0.2151807811 
466 0.3305158037 0.3728160502 0.0810816381 0.2155865079 
467 0.3309692720 0.3720846173 0.0809545126 0.2159915981 
468 0.3314218825 0.3713542767 0.0808277871 0.2163960537 
469 0.3318736366 0.3706250055 0.0807014811 0.2167998767 
470 0.3323245359 0.3698967848 0.0805756101 0.2172030692 
471 0.3327745819 0.3691695993 0.0804501852 0.2176056335 
472 0.3332237760 0.3684434381 0.0803252140 0.2180075719 
473 0.3336721197 0.3677182941 0.0802006998 0.2184088864 
474 0.3341196145 0.3669941639 0.0800766420 0.2188095796 
475 0.3345662618 0.3662710479 0.0799530367 0.2192096536 
476 0.3350120631 0.3655489503 0.0798298759 0.2196091107 
477 0.3354570199 0.3648278784 0.0797071485 0.2200079531 
478 0.3359011337 0.3641078431 0.0795848403 0.2204061829 
479 0.3363444058 0.3633888581 0.0794629339 0.2208038022 
480 0.3367868377 0.3626709401 0.0793414093 0.2212008129 
481 0.3372284310 0.3619541081 0.0792202441 0.2215972169 
482 0.3376691869 0.3612383837 0.0790994135 0.2219930159 
483 0.3381091071 0.3605237903 0.0789788911 0.2223882115 
484 0.3385481928 0.3598103533 0.0788586487 0.2227828053 
485 0.3389864455 0.3590980993 0.0787386567 0.2231767984 
486 0.3394238668 0.3583870563 0.0786188848 0.2235701922 
487 0.3398604579 0.3576772529 0.0784993016 0.2239629876 
488 0.3402962203 0.3569687187 0.0783798755 0.2243551855 
489 0.3407311556 0.3562614831 0.0782605748 0.2247467865 
490 0.3411652649 0.3555555759 0.0781413678 0.2251377914 
491 0.3415985499 0.3548510264 0.0780222234 0.2255282003 
492 0.3420310119 0.3541478634 0.0779031110 0.2259180137 
493 0.3424626523 0.3534461151 0.0777840011 0.2263072314 
494 0.3428934726 0.3527458083 0.0776648654 0.2266958536 
495 0.3433234742 0.3520469690 0.0775456769 0.2270838800 
496 0.3437526584 0.3513496213 0.0774264101 0.2274713103 
497 0.3441810267 0.3506537879 0.0773070415 0.2278581439 
498 0.3446085805 0.3499594897 0.0771875494 0.2282443805 
499 0.3450353212 0.3492667455 0.0770679141 0.2286300192 
500 0.3454612503 0.3485755720 0.0769481183 0.2290150593 
501 0.3458863691 0.3478859839 0.0768281469 0.2293995001 
502 0.3463106790 0.3471979935 0.0767079870 0.2297833405 
503 0.3467341815 0.3465116105 0.0765876283 0.2301665796 
504 0.3471568780 0.3458268426 0.0764670629 0.2305492164 
505 0.3475787698 0.3451436949 0.0763462853 0.2309312499 
506 0.3479998584 0.3444621702 0.0762252925 0.2313126789 
507 0.3484201452 0.3437822686 0.0761040837 0.2316935025 
508 0.3488396316 0.3431039882 0.0759826608 0.2320737194 
509 0.3492583190 0.3424273248 0.0758610276 0.2324533287 
510 0.3496762088 0.3417522717 0.0757391902 0.2328323294 
511 0.3500933024 0.3410788203 0.0756171570 0.2332107203 
512 0.3505096012 0.3404069601 0.0754949381 0.2335885006 
513 0.3509251066 0.3397366785 0.0753725455 0.2339656694 
514 0.3513398201 0.3390679612 0.0752499929 0.2343422258 
515 0.3517537430 0.3384007925 0.0751272955 0.2347181691 
516 0.3521668767 0.3377351549 0.0750044698 0.2350934985 
517 0.3525792227 0.3370710301 0.0748815336 0.2354682136 
518 0.3529907823 0.3364083982 0.0747585057 0.2358423137 
519 0.3534015570 0.3357472388 0.0746354057 0.2362157985 
520 0.3538115481 0.3350875304 0.0745122538 0.2365886677 
521 0.3542207570 0.3344292512 0.0743890707 0.2369609210 
522 0.3546291852 0.3337723789 0.0742658775 0.2373325584 
523 0.3550368340 0.3331168909 0.0741426953 0.2377035798 
524 0.3554437048 0.3324627647 0.0740195451 0.2380739854 
525 0.3558497991 0.3318099779 0.0738964477 0.2384437753 
526 0.3562551181 0.3311585082 0.0737734236 0.2388129500 
527 0.3566596634 0.3305083342 0.0736504927 0.2391815097 
528 0.3570634363 0.3298594345 0.0735276741 0.2395494551 
529 0.3574664381 0.3292117890 0.0734049862 0.2399167867 
530 0.3578686703 0.3285653782 0.0732824464 0.2402835052 
531 0.3582701342 0.3279201834 0.0731600710 0.2406496114 
532 0.3586708312 0.3272761874 0.0730378751 0.2410151062 
533 0.3590707628 0.3266333739 0.0729158728 0.2413799905 
534 0.3594699302 0.3259917280 0.0727940765 0.2417442653 
535 0.3598683348 0.3253512360 0.0726724975 0.2421079316 
536 0.3602659781 0.3247118858 0.0725511455 0.2424709906 
537 0.3606628614 0.3240736664 0.0724300287 0.2428334435 
538 0.3610589860 0.3234365687 0.0723091540 0.2431952913 
539 0.3614543533 0.3228005847 0.0721885266 0.2435565354 
540 0.3618489646 0.3221657080 0.0720681503 0.2439171770 
541 0.3622428214 0.3215319338 0.0719480274 0.2442772174 
542 0.3626359250 0.3208992586 0.0718281587 0.2446366577 
543 0.3630282767 0.3202676803 0.0717085436 0.2449954994 
544 0.3634198779 0.3196371982 0.0715891803 0.2453537436 
545 0.3638107299 0.3190078130 0.0714700655 0.2457113916 
546 0.3642008341 0.3183795266 0.0713511947 0.2460684446 
547 0.3645901918 0.3177523419 0.0712325624 0.2464249039 
548 0.3649788044 0.3171262632 0.0711141618 0.2467807706 
549 0.3653666731 0.3165012956 0.0709959854 0.2471360459 
550 0.3657537994 0.3158774451 0.0708780247 0.2474907309 
551 0.3661401845 0.3152547186 0.0707602704 0.2478448265 
552 0.3665258298 0.3146331238 0.0706427125 0.2481983339 
553 0.3669107366 0.3140126688 0.0705253407 0.2485512540 
554 0.3672949063 0.3133933622 0.0704081439 0.2489035876 
555 0.3676783401 0.3127752133 0.0702911110 0.2492553357 
556 0.3680610393 0.3121582312 0.0701742305 0.2496064990 
557 0.3684430054 0.3115424255 0.0700574908 0.2499570782 
558 0.3688242396 0.3109278059 0.0699408804 0.2503070741 
559 0.3692047432 0.3103143818 0.0698243877 0.2506564872 
560 0.3695845176 0.3097021627 0.0697080016 0.2510053181 
561 0.3699635640 0.3090911577 0.0695917110 0.2513535674 
562 0.3703418838 0.3084813755 0.0694755053 0.2517012354 
563 0.3707194782 0.3078728248 0.0693593745 0.2520483226 
564 0.3710963486 0.3072655133 0.0692433089 0.2523948292 
565 0.3714724963 0.3066594483 0.0691272997 0.2527407557 
566 0.3718479225 0.3060546367 0.0690113385 0.2530861023 
567 0.3722226287 0.3054510844 0.0688954178 0.2534308692 
568 0.3725966160 0.3048487966 0.0687795309 0.2537750565 
569 0.3729698857 0.3042477778 0.0686636719 0.2541186645 
570 0.3733424393 0.3036480316 0.0685478358 0.2544616933 
571 0.3737142779 0.3030495609 0.0684320183 0.2548041429 
572 0.3740854029 0.3024523675 0.0683162161 0.2551460135 
573 0.3744558155 0.3018564524 0.0682004270 0.2554873051 
574 0.3748255171 0.3012618158 0.0680846493 0.2558280178 
575 0.3751945089 0.3006684568 0.0679688827 0.2561681516 
576 0.3755627922 0.3000763739 0.0678531272 0.2565077066 
577 0.3759303683 0.2994855646 0.0677373842 0.2568466829 
578 0.3762972385 0.2988960254 0.0676216556 0.2571850805 
579 0.3766634041 0.2983077523 0.0675059441 0.2575228995 
580 0.3770288663 0.2977207404 0.0673902532 0.2578601400 
581 0.3773936265 0.2971349841 0.0672745873 0.2581968021 
582 0.3777576859 0.2965504771 0.0671589511 0.2585328859 
583 0.3781210458 0.2959672124 0.0670433502 0.2588683916 
584 0.3784837074 0.2953851826 0.0669277904 0.2592033195 
585 0.3788456722 0.2948043798 0.0668122784 0.2595376696 
586 0.3792069412 0.2942247956 0.0666968209 0.2598714424 
587 0.3795675158 0.2936464211 0.0665814252 0.2602046379 
588 0.3799273973 0.2930692472 0.0664660988 0.2605372567 
589 0.3802865869 0.2924932646 0.0663508494 0.2608692991 
590 0.3806450860 0.2919184639 0.0662356848 0.2612007654 
591 0.3810028956 0.2913448353 0.0661206130 0.2615316561 
592 0.3813600173 0.2907723691 0.0660056419 0.2618619717 
593 0.3817164521 0.2902010558 0.0658907794 0.2621917127 
594 0.3820722014 0.2896308858 0.0657760332 0.2625208796 
595 0.3824272663 0.2890618495 0.0656614110 0.2628494732 
596 0.3827816483 0.2884939377 0.0655469200 0.2631774940 
597 0.3831353485 0.2879271415 0.0654325674 0.2635049426 
598 0.3834883681 0.2873614521 0.0653183599 0.2638318199 
599 0.3838407085 0.2867968612 0.0652043038 0.2641581265 
600 0.3841923709 0.2862333607 0.0650904052 0.2644838632 
601 0.3845433565 0.2856709433 0.0649766695 0.2648090308 
602 0.3848936665 0.2851096016 0.0648631017 0.2651336302 
603 0.3852433023 0.2845493293 0.0647497063 0.2654576621 
604 0.3855922650 0.2839901201 0.0646364874 0.2657811275 
605 0.3859405559 0.2834319684 0.0645234484 0.2661040273 
606 0.3862881763 0.2828748693 0.0644105921 0.2664263623 
607 0.3866351272 0.2823188182 0.0642979210 0.2667481335 
608 0.3869814101 0.2817638113 0.0641854367 0.2670693418 
609 0.3873270262 0.2812098451 0.0640731406 0.2673899882 
610 0.3876719765 0.2806569167 0.0639610332 0.2677100736 
611 0.3880162625 0.2801050240 0.0638491147 0.2680295988 
612 0.3883598852 0.2795541650 0.0637373848 0.2683485650 
613 0.3887028460 0.2790043385 0.0636258426 0.2686669730 
614 0.3890451460 0.2784555436 0.0635144867 0.2689848238 
615 0.3893867864 0.2779077801 0.0634033153 0.2693021182 
616 0.3897277686 0.2773610480 0.0632923262 0.2696188572 
617 0.3900680936 0.2768153477 0.0631815170 0.2699350417 
618 0.3904077627 0.2762706801 0.0630708846 0.2702506727 
619 0.3907467771 0.2757270463 0.0629604257 0.2705657509 
620 0.3910851380 0.2751844477 0.0628501371 0.2708802772 
621 0.3914228467 0.2746428860 0.0627400148 0.2711942525 
622 0.3917599042 0.2741023632 0.0626300549 0.2715076776 
623 0.3920963119 0.2735628812 0.0625202536 0.2718205533 
624 0.3924320709 0.2730244422 0.0624106064 0.2721328804 
625 0.3927671824 0.2724870486 0.0623011093 0.2724446597 
626 0.3931016476 0.2719507026 0.0621917580 0.2727558918 
627 0.3934354677 0.2714154065 0.0620825483 0.2730665775 
628 0.3937686439 0.2708811627 0.0619734759 0.2733767175 
629 0.3941011774 0.2703479734 0.0618645367 0.2736863124 
630 0.3944330694 0.2698158407 0.0617557269 0.2739953631 
631 0.3947643209 0.2692847666 0.0616470426 0.2743038699 
632 0.3950949334 0.2687547529 0.0615384801 0.2746118337 
633 0.3954249078 0.2682258012 0.0614300360 0.2749192549 
634 0.3957542454 0.2676979131 0.0613217073 0.2752261342 
635 0.3960829474 0.2671710895 0.0612134909 0.2755324722 
636 0.3964110150 0.2666453315 0.0611053842 0.2758382693 
637 0.3967384493 0.2661206396 0.0609973849 0.2761435262 
638 0.3970652514 0.2655970142 0.0608894910 0.2764482434 
639 0.3973914227 0.2650744552 0.0607817008 0.2767524213 
640 0.3977169641 0.2645529625 0.0606740129 0.2770560605 
641 0.3980418770 0.2640325352 0.0605664262 0.2773591616 
642 0.3983661624 0.2635131726 0.0604589400 0.2776617250 
643 0.3986898216 0.2629948732 0.0603515541 0.2779637512 
644 0.3990128557 0.2624776354 0.0602442682 0.2782652407 
645 0.3993352658 0.2619614575 0.0601370827 0.2785661940 
646 0.3996570531 0.2614463370 0.0600299982 0.2788666117 
647 0.3999782189 0.2609322714 0.0599230156 0.2791664942 
648 0.4002987641 0.2604192580 0.0598161359 0.2794658420 
649 0.4006186900 0.2599072936 0.0597093607 0.2797646557 
650 0.4009379978 0.2593963748 0.0596026916 0.2800629358 
651 0.4012566885 0.2588864980 0.0594961306 0.2803606828 
652 0.4015747634 0.2583776595 0.0593896798 0.2806578973 
653 0.4018922236 0.2578698552 0.0592833414 0.2809545798 
654 0.4022090702 0.2573630810 0.0591771179 0.2812507309 
655 0.4025253044 0.2568573324 0.0590710121 0.2815463511 
656 0.4028409273 0.2563526050 0.0589650265 0.2818414412 
657 0.4031559400 0.2558488943 0.0588591640 0.2821360016 
658 0.4034703438 0.2553461957 0.0587534275 0.2824300330 
659 0.4037841397 0.2548445043 0.0586478199 0.2827235361 
660 0.4040973288 0.2543438155 0.0585423442 0.2830165115 
661 0.4044099124 0.2538441246 0.0584370032 0.2833089598 
662 0.4047218914 0.2533454269 0.0583317999 0.2836008817 
663 0.4050332672 0.2528477177 0.0582267372 0.2838922780 
664 0.4053440407 0.2523509923 0.0581218176 0.2841831493 
665 0.4056542132 0.2518552463 0.0580170441 0.2844734964 
666 0.4059637857 0.2513604753 0.0579124190 0.2847633200 
667 0.4062727593 0.2508666750 0.0578079448 0.2850526209 
668 0.4065811353 0.2503738411 0.0577036239 0.2853413997 
669 0.4068889146 0.2498819697 0.0575994583 0.2856296574 
670 0.4071960985 0.2493910570 0.0574954499 0.2859173946 
671 0.4075026880 0.2489010993 0.0573916005 0.2862046121 
672 0.4078086843 0.2484120931 0.0572879118 0.2864913108 
673 0.4081140884 0.2479240351 0.0571843849 0.2867774915 
674 0.4084189015 0.2474369223 0.0570810212 0.2870631550 
675 0.4087231247 0.2469507517 0.0569778216 0.2873483020 
676 0.4090267590 0.2464655208 0.0568747868 0.2876329335 
677 0.4093298056 0.2459812269 0.0567719173 0.2879170501 
678 0.4096322657 0.2454978679 0.0566692136 0.2882006529 
679 0.4099341402 0.2450154417 0.0565666756 0.2884837426 
680 0.4102354303 0.2445339464 0.0564643034 0.2887663199 
681 0.4105361370 0.2440533803 0.0563620968 0.2890483859 
682 0.4108362616 0.2435737421 0.0562600552 0.2893299412 
683 0.4111358050 0.2430950303 0.0561581780 0.2896109867 
684 0.4114347684 0.2426172438 0.0560564646 0.2898915232 
685 0.4117331528 0.2421403816 0.0559549140 0.2901715516 
686 0.4120309593 0.2416644429 0.0558535251 0.2904510726 
687 0.4123281891 0.2411894270 0.0557522968 0.2907300871 
688 0.4126248431 0.2407153332 0.0556512278 0.2910085959 
689 0.4129209226 0.2402421611 0.0555503167 0.2912865997 
690 0.4132164284 0.2397699102 0.0554495621 0.2915640993 
691 0.4135113619 0.2392985802 0.0553489624 0.2918410955 
692 0.4138057239 0.2388281708 0.0552485161 0.2921175892 
693 0.4140995156 0.2383586818 0.0551482216 0.2923935810 
694 0.4143927380 0.2378901130 0.0550480773 0.2926690716 
695 0.4146853923 0.2374224641 0.0549480816 0.2929440620 
696 0.4149774795 0.2369557350 0.0548482328 0.2932185527 
697 0.4152690006 0.2364899254 0.0547485295 0.2934925446 
698 0.4155599568 0.2360250351 0.0546489699 0.2937660382 
699 0.4158503490 0.2355610638 0.0545495527 0.2940390345 
700 0.4161401783 0.2350980112 0.0544502764 0.2943115340 
701 0.4164294459 0.2346358769 0.0543511397 0.2945835375 
