# starting
0 0.0009970149 0.9728531694 0.0212003805 0.0049494351 
1 0.0019881886 0.9057331311 0.0826173107 0.0096613696 
2 0.0029738596 0.8048119832 0.1782641949 0.0139499623 
3 0.0039545340 0.6792835710 0.2990937762 0.0176681188 
4 0.0049308393 0.5404509186 0.4338978371 0.0207204050 
5 0.0059034684 0.4006494999 0.5703760823 0.0230709494 
6 0.0068731184 0.2721046817 0.6962764455 0.0247457544 
7 0.0078404300 0.1658259306 0.8005042945 0.0258293450 
8 0.0088059329 0.0906352710 0.8741026097 0.0264561864 
9 0.0097700021 0.0524136822 0.9110185579 0.0267977578 
10 0.0107328290 0.0536280472 0.9085925850 0.0270465387 
11 0.0116944093 0.0931749782 0.8677321987 0.0273984138 
12 0.0126545483 0.1665487941 0.7927615478 0.0280351097 
13 0.0136128840 0.2663117984 0.6909670745 0.0291082431 
14 0.0145689238 0.3828184058 0.5718862916 0.0307263788 
15 0.0155220923 0.5051229387 0.4464087676 0.0329462014 
16 0.0164717860 0.6219859016 0.3257738037 0.0357685087 
17 0.0174174288 0.7228864702 0.2205568106 0.0391392905 
18 0.0183585243 0.7989502576 0.1397355234 0.0429556946 
19 0.0192946997 0.8437108730 0.0899181805 0.0470762467 
20 0.0202257378 0.8536403443 0.0747995958 0.0513343221 
21 0.0211515942 0.8284055181 0.0948892894 0.0555535983 
22 0.0220723991 0.7708329858 0.1475305539 0.0595640612 
23 0.0229884428 0.6865915654 0.2272028698 0.0632171220 
24 0.0239001478 0.5836265080 0.3260748387 0.0663985056 
25 0.0248080288 0.4714011593 0.4347530092 0.0690378027 
26 0.0257126463 0.3600179383 0.5431555194 0.0711138960 
27 0.0266145560 0.2592998583 0.6414297276 0.0726558581 
28 0.0275142602 0.1779157079 0.7208306993 0.0737393325 
29 0.0284121650 0.1226264142 0.7744826071 0.0744788136 
30 0.0293085466 0.0977176789 0.7979571736 0.0750166009 
31 0.0302035304 0.1046659652 0.7896210204 0.0755094840 
32 0.0310970835 0.1420630459 0.7507254713 0.0761143993 
33 0.0319890223 0.2058006354 0.6852359789 0.0769743634 
34 0.0328790326 0.2894932909 0.5994217373 0.0782059392 
35 0.0337667015 0.3850968494 0.5012471223 0.0798893268 
36 0.0346515572 0.4836630113 0.3996235173 0.0820619141 
37 0.0355331139 0.5761596783 0.3035914120 0.0847157957 
38 0.0364109163 0.6542821879 0.2215074951 0.0877994008 
39 0.0372845804 0.7111829178 0.1603094990 0.0912230028 
40 0.0381538283 0.7420555198 0.1249231153 0.0948675366 
41 0.0390185110 0.7445243622 0.1178612602 0.0985958666 
42 0.0398786206 0.7188082207 0.1390477115 0.1022654472 
43 0.0407342893 0.6676481196 0.1858763810 0.1057412101 
44 0.0415857749 0.5960105657 0.2534961371 0.1089075223 
45 0.0424334368 0.5105973259 0.3352910791 0.1116781582 
46 0.0432777024 0.4192096023 0.4235092603 0.1140034351 
47 0.0441190282 0.3300265447 0.5099804991 0.1158739280 
48 0.0449578597 0.2508645009 0.5868571376 0.1173205018 
49 0.0457945919 0.1884837884 0.6473108888 0.1184107309 
50 0.0466295366 0.1480041583 0.6861242040 0.1192421012 
51 0.0474628965 0.1324791417 0.7001252928 0.1199326690 
52 0.0482947505 0.1426642119 0.6884309718 0.1206100659 
53 0.0491250497 0.1769956158 0.6524794680 0.1213998665 
54 0.0499536258 0.2317775051 0.5958544910 0.1224143782 
55 0.0507802090 0.3015563755 0.5239205700 0.1237428456 
56 0.0516044553 0.3796454605 0.4433061633 0.1254439209 
57 0.0524259801 0.4587490395 0.3612839511 0.1275410293 
58 0.0532443937 0.5316286820 0.2851059399 0.1300209844 
59 0.0540593379 0.5917508616 0.2213538857 0.1328359147 
60 0.0548705180 0.6338582741 0.1753629495 0.1359082584 
61 0.0556777286 0.6544151958 0.1507687564 0.1391383192 
62 0.0564808719 0.6518895170 0.1492159589 0.1424136521 
63 0.0572799642 0.6268494815 0.1702511513 0.1456194030 
64 0.0580751337 0.5818702114 0.2114060018 0.1486486531 
65 0.0588666072 0.5212622513 0.2684592975 0.1514118441 
66 0.0596546889 0.4506500648 0.3358507909 0.1538444554 
67 0.0604397324 0.3764413029 0.4072066823 0.1559122824 
68 0.0612221087 0.3052366254 0.4759273757 0.1576138902 
69 0.0620021738 0.2432341764 0.5357835692 0.1589800806 
70 0.0627802375 0.1956821993 0.5814670824 0.1600704808 
71 0.0635565379 0.1664278779 0.6090479671 0.1609676171 
72 0.0643312219 0.1576008914 0.6162988300 0.1617690566 
73 0.0651043353 0.1694573182 0.6028599869 0.1625783596 
74 0.0658758209 0.2003946306 0.5702338700 0.1634956786 
75 0.0666455271 0.2471329718 0.5216126485 0.1646088526 
76 0.0674132242 0.3050431001 0.4615578900 0.1659857857 
77 0.0681786271 0.3685886341 0.3955639722 0.1676687666 
78 0.0689414230 0.4318406478 0.3295467294 0.1696711997 
79 0.0697013009 0.4890170266 0.2693046823 0.1719769902 
80 0.0704579802 0.5349977395 0.2200016938 0.1745425865 
81 0.0712112359 0.5657703334 0.1857169887 0.1773014420 
82 0.0719609189 0.5787671324 0.1691015015 0.1801704471 
83 0.0727069682 0.5730661124 0.1711692030 0.1830577164 
84 0.0734494155 0.5494402086 0.1912393724 0.1858710035 
85 0.0741883816 0.5102537061 0.2270319337 0.1885259787 
86 0.0749240642 0.4592180969 0.2749042100 0.1909536289 
87 0.0756567196 0.4010321328 0.3302050123 0.1931061353 
88 0.0763866394 0.3409406810 0.3877119478 0.1949607318 
89 0.0771141244 0.2842535669 0.4421110682 0.1965212405 
90 0.0778394583 0.2358683404 0.4884750093 0.1978171920 
91 0.0785628832 0.1998396601 0.5226967962 0.1989006605 
92 0.0792845798 0.1790329473 0.5418413314 0.1998411414 
93 0.0800046533 0.1748916458 0.5443847290 0.2007189718 
94 0.0807231261 0.1873366469 0.5303223148 0.2016179122 
95 0.0814399380 0.2148042165 0.5011382738 0.2026175717 
96 0.0821549549 0.2544162207 0.4596424655 0.2037863590 
97 0.0828679821 0.3022647124 0.4096917262 0.2051755794 
98 0.0835787844 0.3537830554 0.3558229753 0.2068151849 
99 0.0842871087 0.4041685692 0.3028327979 0.2087115243 
100 0.0849927076 0.4488177703 0.2553422686 0.2108472534 
101 0.0856953624 0.4837349441 0.2173863210 0.2131833725 
102 0.0863949029 0.5058779671 0.1920639688 0.2156631613 
103 0.0870912222 0.5134116548 0.1812794985 0.2182176245 
104 0.0877842862 0.5058478016 0.1855959865 0.2207719256 
105 0.0884741357 0.4840616546 0.2042119945 0.2232522153 
106 0.0891608816 0.4501858483 0.2350610381 0.2255922320 
107 0.0898446952 0.4073937890 0.2750224266 0.2277390892 
108 0.0905257916 0.3595941427 0.3202223190 0.2296577467 
109 0.0912044104 0.3110656098 0.3663961881 0.2313337916 
110 0.0918807950 0.2660659315 0.4092789594 0.2327743140 
111 0.0925551708 0.2284506940 0.4449872969 0.2340068384 
112 0.0932277263 0.2013358985 0.4703599314 0.2350764438 
113 0.0938985982 0.1868336542 0.4832263769 0.2360413707 
114 0.0945678600 0.1858832035 0.4825814014 0.2369675351 
115 0.0952355183 0.1981904918 0.4686515219 0.2379224679 
116 0.0959015137 0.2222795028 0.4428497527 0.2389692307 
117 0.0965657287 0.2556484909 0.4076249245 0.2401608559 
118 0.0972279997 0.2950149858 0.3662212157 0.2415357989 
119 0.0978881333 0.3366258104 0.3223712684 0.2431147878 
120 0.0985459256 0.3766030087 0.2799517387 0.2448993271 
121 0.0992011805 0.4112939506 0.2426329157 0.2468719532 
122 0.0998537286 0.4375941502 0.2135539348 0.2489981864 
123 0.1005034421 0.4532144157 0.1950521749 0.2512299674 
124 0.1011502464 0.4568695136 0.1884699986 0.2535102414 
125 0.1017941261 0.4483730281 0.1940545893 0.2557782565 
126 0.1024351264 0.4286318117 0.2109579771 0.2579750848 
127 0.1030733479 0.3995425606 0.2373352221 0.2600488694 
128 0.1037089377 0.3638017640 0.2705299676 0.2619593307 
129 0.1043420755 0.3246478197 0.3073289609 0.2636811438 
130 0.1049729582 0.2855598003 0.3442613341 0.2652059074 
131 0.1056017817 0.2499407503 0.3779149125 0.2665425555 
132 0.1062287249 0.2208142117 0.4052408560 0.2677162074 
133 0.1068539341 0.2005609107 0.4238195647 0.2687655904 
134 0.1074775118 0.1907183938 0.4320648000 0.2697392944 
135 0.1080995084 0.1918602946 0.4293489781 0.2706912189 
136 0.1087199200 0.2035644418 0.4160400019 0.2716756364 
137 0.1093386902 0.2244708667 0.3934481214 0.2727423218 
138 0.1099557172 0.2524226893 0.3636894094 0.2739321841 
139 0.1105708641 0.2846755784 0.3294797764 0.2752737812 
140 0.1111839729 0.3181556216 0.2938793940 0.2767810114 
141 0.1117948798 0.3497415128 0.2600114401 0.2784521673 
142 0.1124034302 0.3765452717 0.2307808924 0.2802704058 
143 0.1130094936 0.3961663649 0.2086185753 0.2822055662 
144 0.1136129752 0.4068969906 0.1952728890 0.2842171452 
145 0.1142138243 0.4078611154 0.1916669224 0.2862581379 
146 0.1148120388 0.3990761450 0.1978324320 0.2882793842 
147 0.1154076647 0.3814332668 0.2129250479 0.2902340207 
148 0.1160007921 0.3565998740 0.2353176982 0.2920816357 
149 0.1165915468 0.3268543958 0.2627622951 0.2937917624 
150 0.1171800784 0.2948697052 0.2926038065 0.2953464098 
151 0.1177665481 0.2634655611 0.3220264664 0.2967414245 
152 0.1183511135 0.2353528980 0.3483094050 0.2979865835 
153 0.1189339160 0.2128930502 0.3690685956 0.2991044381 
154 0.1195150690 0.1978931858 0.3824637098 0.3001280355 
155 0.1200946485 0.1914555550 0.3873520515 0.3010977450 
156 0.1206726881 0.1938929722 0.3833768456 0.3020574941 
157 0.1212491774 0.2047167673 0.3709832954 0.3030507600 
158 0.1218240643 0.2226968171 0.3513624348 0.3041166838 
159 0.1223972615 0.2459868175 0.3263292693 0.3052866518 
160 0.1229686551 0.2723022457 0.2981474585 0.3065816406 
161 0.1235381166 0.2991339957 0.2693173377 0.3080105500 
162 0.1241055147 0.3239778155 0.2423470189 0.3095696509 
163 0.1246707285 0.3445586627 0.2195274316 0.3112431771 
164 0.1252336580 0.3590299717 0.2027313863 0.3130049839 
165 0.1257942337 0.3661304806 0.1932541826 0.3148211031 
166 0.1263524228 0.3652854212 0.1917092086 0.3166529474 
167 0.1269082318 0.3566441301 0.1979867739 0.3184608642 
168 0.1274617059 0.3410519960 0.2112785852 0.3202077129 
169 0.1280129247 0.3199605888 0.2301643425 0.3218621439 
170 0.1285619951 0.2952852775 0.2527514340 0.3234012934 
171 0.1291090417 0.2692241614 0.2768541352 0.3248126617 
172 0.1296541957 0.2440553284 0.3001954505 0.3260950255 
173 0.1301975838 0.2219310499 0.3206130459 0.3272583203 
174 0.1307393177 0.2046874214 0.3362507351 0.3283225258 
175 0.1312794845 0.1936861968 0.3457186458 0.3293156728 
176 0.1318181405 0.1897023419 0.3482083480 0.3302711696 
177 0.1323553071 0.1928664585 0.3435535348 0.3312246996 
178 0.1328909700 0.2026661289 0.3322319218 0.3322109793 
179 0.1334250824 0.2180048666 0.3153093843 0.3332606667 
180 0.1339575698 0.2373122225 0.2943325097 0.3343976980 
181 0.1344883380 0.2586941424 0.2711802402 0.3356372794 
182 0.1350172829 0.2801092832 0.2478887316 0.3369847023 
183 0.1355443001 0.2995549599 0.2264656683 0.3384350718 
184 0.1360692951 0.3152458609 0.2087108915 0.3399739526 
185 0.1365921921 0.3257696608 0.1960592891 0.3415788580 
186 0.1371129410 0.3302060509 0.1894595785 0.3432214295 
187 0.1376315220 0.3281992591 0.1892991195 0.3448700994 
188 0.1381479471 0.3199785026 0.1953805644 0.3464929859 
189 0.1386622593 0.3063255933 0.2069513882 0.3480607592 
190 0.1391745284 0.2884936715 0.2227825807 0.3495492194 
191 0.1396848448 0.2680853397 0.2412884519 0.3509413636 
192 0.1401933117 0.2469019432 0.2606759802 0.3522287649 
193 0.1407000361 0.2267780904 0.2791097175 0.3534121559 
194 0.1412051196 0.2094165428 0.2948771590 0.3545011787 
195 0.1417086499 0.1962382671 0.3065397416 0.3555133415 
196 0.1422106940 0.1882607814 0.3130562330 0.3564722917 
197 0.1427112930 0.1860151261 0.3138680078 0.3574055731 
198 0.1432104596 0.1895081195 0.3089393409 0.3583420800 
199 0.1437081781 0.1982323635 0.2987500174 0.3593094411 
200 0.1442044065 0.2112221356 0.2842418876 0.3603315702 
201 0.1446990821 0.2271492282 0.2667250899 0.3614265998 
202 0.1451921276 0.2444493359 0.2477531628 0.3626053737 
203 0.1456834587 0.2614670449 0.2289788718 0.3638706247 
204 0.1461729928 0.2766060505 0.2120040620 0.3652168947 
205 0.1466606566 0.2884710355 0.1982371160 0.3666311918 
206 0.1471463933 0.2959886597 0.1887706389 0.3680943081 
207 0.1476301674 0.2984972402 0.1842899237 0.3695826688 
208 0.1481119684 0.2957977190 0.1850197776 0.3710705350 
209 0.1485918117 0.2881621336 0.1907136990 0.3725323557 
210 0.1490697372 0.2762996914 0.2006855160 0.3739450555 
211 0.1495458055 0.2612843484 0.2138797921 0.3752900540 
212 0.1500200930 0.2444511627 0.2289739029 0.3765548415 
213 0.1504926849 0.2272713441 0.2445019926 0.3777339783 
214 0.1509636683 0.2112176324 0.2589892585 0.3788294408 
215 0.1514331243 0.1976322641 0.2710843165 0.3798502951 
216 0.1519011219 0.1876093112 0.2796778248 0.3808117421 
217 0.1523677123 0.1819016454 0.2839970099 0.3817336324 
218 0.1528329254 0.1808603689 0.2836681120 0.3826385938 
219 0.1532967676 0.1844114815 0.2787418024 0.3835499485 
220 0.1537592229 0.1920711229 0.2696800444 0.3844896099 
221 0.1542202547 0.2029972412 0.2573063559 0.3854761482 
222 0.1546798102 0.2160723199 0.2427246749 0.3865231950 
223 0.1551378263 0.2300091181 0.2272147327 0.3876383229 
224 0.1555942353 0.2434694829 0.2121137911 0.3888224907 
225 0.1560489721 0.2551853169 0.1986956185 0.3900700925 
226 0.1565019803 0.2640708176 0.1880576076 0.3913695945 
227 0.1569532175 0.2693161040 0.1810259882 0.3927046903 
228 0.1574026596 0.2704542164 0.1780872641 0.3940558598 
229 0.1578503027 0.2673960233 0.1793514883 0.3954021857 
230 0.1582961637 0.2604305564 0.1845500225 0.3967232574 
231 0.1587402790 0.2501914446 0.1930672850 0.3980009915 
232 0.1591827010 0.2375931420 0.2040029502 0.3992212067 
233 0.1596234941 0.2237432768 0.2162584119 0.4003748172 
234 0.1600627284 0.2098394619 0.2286392650 0.4014585447 
235 0.1605004746 0.1970601299 0.2399642995 0.4024750960 
236 0.1609367975 0.1864592986 0.2491711032 0.4034328007 
237 0.1613717512 0.1788746191 0.2554088785 0.4043447512 
238 0.1618053747 0.1748566791 0.2581104115 0.4052275347 
239 0.1622376894 0.1746254674 0.2570371668 0.4060996764 
240 0.1626686977 0.1780573519 0.2522940091 0.4069799414 
241 0.1630983840 0.1847031193 0.2443128481 0.4078856487 
242 0.1635267167 0.1938348318 0.2338073016 0.4088311498 
243 0.1639536520 0.2045167164 0.2217030281 0.4098266035 
244 0.1643791382 0.2156932461 0.2090504645 0.4108771513 
245 0.1648031215 0.2262861710 0.1969281479 0.4119825596 
246 0.1652255507 0.2352916212 0.1863454775 0.4131373506 
247 0.1656463830 0.2418685750 0.1781536416 0.4143314005 
248 0.1660655871 0.2454109405 0.1729725300 0.4155509423 
249 0.1664831473 0.2455971202 0.1711398577 0.4167798748 
250 0.1668990642 0.2424130722 0.1726866099 0.4180012538 
251 0.1673133552 0.2361473386 0.1773404770 0.4191988293 
252 0.1677260530 0.2273590546 0.1845564034 0.4203584889 
253 0.1681372029 0.2168223517 0.1935709645 0.4214694809 
254 0.1685468587 0.2054526175 0.2034752136 0.4225253103 
255 0.1689550782 0.1942215878 0.2132990975 0.4235242366 
256 0.1693619186 0.1840691088 0.2220996385 0.4244693341 
257 0.1697674317 0.1758195443 0.2290449037 0.4253681204 
258 0.1701716597 0.1701102262 0.2334863209 0.4262317932 
259 0.1705746323 0.1673381189 0.2350130950 0.4270741538 
260 0.1709763646 0.1676291067 0.2334842107 0.4279103179 
261 0.1713768564 0.1708322012 0.2290356066 0.4287553358 
262 0.1717760931 0.1765386809 0.2220623806 0.4296228454 
263 0.1721740477 0.1841239446 0.2131781279 0.4305238799 
264 0.1725706839 0.1928078655 0.2031555181 0.4314659325 
265 0.1729659600 0.2017278630 0.1928538191 0.4324523579 
266 0.1733598332 0.2100178845 0.1831401261 0.4334821562 
267 0.1737522637 0.2168860991 0.1748114854 0.4345501518 
268 0.1741432189 0.2216843643 0.1685248735 0.4356475433 
269 0.1745326766 0.2239634082 0.1647411487 0.4367627664 
270 0.1749206270 0.2235090685 0.1636877167 0.4378825878 
271 0.1753070737 0.2203567248 0.1653428754 0.4389933260 
272 0.1756920341 0.2147830728 0.1694428053 0.4400820879 
273 0.1760755370 0.2072764357 0.1755101184 0.4411379089 
274 0.1764576214 0.1984887087 0.1829009714 0.4421526985 
275 0.1768383322 0.1891736166 0.1908661436 0.4431219077 
276 0.1772177169 0.1801170942 0.1986203228 0.4440448661 
277 0.1775958219 0.1720661907 0.2054132227 0.4449247648 
278 0.1779726883 0.1656628986 0.2105961204 0.4457682927 
279 0.1783483493 0.1613887397 0.2136779434 0.4465849676 
280 0.1787228273 0.1595248558 0.2143660902 0.4473862267 
281 0.1790961327 0.1601308683 0.2125886354 0.4481843637 
282 0.1794682637 0.1630440200 0.2084963059 0.4489914104 
283 0.1798392071 0.1678982667 0.2024444612 0.4498180649 
284 0.1802089401 0.1741612023 0.1949570970 0.4506727606 
285 0.1805774329 0.1811851465 0.1866764635 0.4515609572 
286 0.1809446518 0.1882675306 0.1783031050 0.4524847126 
287 0.1813105631 0.1947149792 0.1705318891 0.4534425686 
288 0.1816751361 0.1999052700 0.1639898405 0.4544297534 
289 0.1820383465 0.2033416616 0.1591813143 0.4554386776 
290 0.1824001785 0.2046948739 0.1564452749 0.4564596727 
291 0.1827606268 0.2038292086 0.1559282641 0.4574819005 
292 0.1831196972 0.2008107902 0.1575751633 0.4584943494 
293 0.1834774059 0.1958975512 0.1611382175 0.4594868255 
294 0.1838337787 0.1895122276 0.1662031425 0.4604508512 
295 0.1841888486 0.1822011308 0.1722296295 0.4613803911 
296 0.1845426532 0.1745826787 0.1786023239 0.4622723442 
297 0.1848952316 0.1672905055 0.1846874993 0.4631267636 
298 0.1852466212 0.1609163611 0.1898902289 0.4639467888 
299 0.1855968548 0.1559579202 0.1937069222 0.4647383029 
300 0.1859459581 0.1527760808 0.1957686108 0.4655093503 
301 0.1862939482 0.1515653870 0.1958712915 0.4662693732 
302 0.1866408322 0.1523399606 0.1939908692 0.4670283380 
303 0.1869866074 0.1549358890 0.1902816716 0.4677958320 
304 0.1873312620 0.1590295223 0.1850590026 0.4685802132 
305 0.1876747770 0.1641697160 0.1787676207 0.4693878863 
306 0.1880171279 0.1698208490 0.1719392529 0.4702227702 
307 0.1883582881 0.1754125413 0.1651431737 0.4710859970 
308 0.1886982308 0.1803914798 0.1589344209 0.4719758685 
309 0.1890369328 0.1842706658 0.1538043349 0.4728880666 
310 0.1893743759 0.1866717199 0.1501378100 0.4738160942 
311 0.1897105496 0.1873565959 0.1481809519 0.4747519026 
312 0.1900454518 0.1862460733 0.1480218296 0.4756866453 
313 0.1903790892 0.1834236405 0.1495857823 0.4766114881 
314 0.1907114770 0.1791247152 0.1526454064 0.4775184013 
315 0.1910426380 0.1737124668 0.1568440309 0.4784008643 
316 0.1913726001 0.1676426769 0.1617303028 0.4792544201 
317 0.1917013947 0.1614210118 0.1668005592 0.4800770342 
318 0.1920290539 0.1555566889 0.1715450287 0.4808692285 
319 0.1923556078 0.1505167629 0.1754936455 0.4816339839 
320 0.1926810825 0.1466851177 0.1782573758 0.4823764239 
321 0.1930054983 0.1443297429 0.1795614455 0.4831033133 
322 0.1933288679 0.1435810608 0.1792676522 0.4838224191 
323 0.1936511960 0.1444230224 0.1773839864 0.4845417951 
324 0.1939724796 0.1466975119 0.1740609530 0.4852690555 
325 0.1942927084 0.1501213954 0.1695751947 0.4860107015 
326 0.1946118667 0.1543144298 0.1643021411 0.4867715624 
327 0.1949299346 0.1588353098 0.1586803578 0.4875543978 
328 0.1952468908 0.1632224581 0.1531709585 0.4883596925 
329 0.1955627148 0.1670358063 0.1482158186 0.4891856603 
330 0.1958773888 0.1698958016 0.1441983587 0.4900284509 
331 0.1961908997 0.1715162001 0.1414103626 0.4908825376 
332 0.1965032407 0.1717278314 0.1400276802 0.4917412477 
333 0.1968144120 0.1704913901 0.1400968137 0.4925973842 
334 0.1971244208 0.1678983274 0.1415333689 0.4934438830 
335 0.1974332811 0.1641600053 0.1441322701 0.4942744435 
336 0.1977410127 0.1595863235 0.1475885847 0.4950840791 
337 0.1980476394 0.1545559464 0.1515268758 0.4958695384 
338 0.1983531873 0.1494809703 0.1555362802 0.4966295622 
339 0.1986576825 0.1447693101 0.1592080506 0.4973649568 
340 0.1989611497 0.1407882216 0.1621721479 0.4980784809 
341 0.1992636095 0.1378322080 0.1641296232 0.4987745594 
342 0.1995650776 0.1360980965 0.1648779717 0.4994588542 
343 0.1998655637 0.1356693746 0.1643273294 0.5001377322 
344 0.2001650710 0.1365110023 0.1625062453 0.5008176814 
345 0.2004635962 0.1384749528 0.1595567235 0.5015047275 
346 0.2007611306 0.1413157677 0.1557191974 0.5022039043 
347 0.2010576611 0.1447145307 0.1513089849 0.5029188233 
348 0.2013531720 0.1483089387 0.1466865099 0.5036513794 
349 0.2016476464 0.1517266531 0.1422240833 0.5044016172 
350 0.2019410685 0.1546188752 0.1382722916 0.5051677647 
351 0.2022334249 0.1566911314 0.1351290137 0.5059464300 
352 0.2025247065 0.1577285658 0.1330137888 0.5067329389 
353 0.2028149092 0.1576135843 0.1320497258 0.5075217807 
354 0.2031040346 0.1563344243 0.1322544214 0.5083071197 
355 0.2033920903 0.1539840644 0.1335405196 0.5090833257 
356 0.2036790889 0.1507497694 0.1357256665 0.5098454753 
357 0.2039650475 0.1468943949 0.1385507782 0.5105897795 
358 0.2042499863 0.1427312966 0.1417048157 0.5113139013 
359 0.2045339271 0.1385952208 0.1448537155 0.5120171366 
360 0.2048168912 0.1348118675 0.1476707966 0.5127004447 
361 0.2050988986 0.1316688808 0.1498658910 0.5133663296 
362 0.2053799657 0.1293908377 0.1512106114 0.5140185852 
363 0.2056601048 0.1281203963 0.1515575693 0.5146619296 
364 0.2059393231 0.1279071682 0.1508519442 0.5153015644 
365 0.2062176228 0.1287051557 0.1491345219 0.5159426996 
366 0.2064950007 0.1303788107 0.1465361017 0.5165900870 
367 0.2067714495 0.1327169968 0.1432639493 0.5172476044 
368 0.2070469586 0.1354534442 0.1395816705 0.5179179267 
369 0.2073215153 0.1382917312 0.1357844426 0.5186023109 
370 0.2075951066 0.1409324625 0.1321719176 0.5193005132 
371 0.2078677203 0.1431001637 0.1290212739 0.5200108421 
372 0.2081393467 0.1445674866 0.1265628272 0.5207303395 
373 0.2084099795 0.1451746115 0.1249603361 0.5214550729 
374 0.2086796167 0.1448422028 0.1242976724 0.5221805081 
375 0.2089482609 0.1435768899 0.1245729209 0.5229019282 
376 0.2092159195 0.1414689307 0.1257002883 0.5236148615 
377 0.2094826038 0.1386824277 0.1275194911 0.5243154774 
378 0.2097483288 0.1354391235 0.1298116299 0.5250009179 
379 0.2100131113 0.1319973580 0.1323199963 0.5256695345 
380 0.2102769695 0.1286281719 0.1347738462 0.5263210124 
381 0.2105399211 0.1255907557 0.1369129509 0.5269563724 
382 0.2108019819 0.1231094578 0.1385107072 0.5275778530 
383 0.2110631652 0.1213543821 0.1393937667 0.5281886859 
384 0.2113234807 0.1204272393 0.1394564931 0.5287927869 
385 0.2115829338 0.1203536156 0.1386690590 0.5293943916 
386 0.2118415258 0.1210822209 0.1370785829 0.5299976704 
387 0.2120992539 0.1224910421 0.1348033474 0.5306063565 
388 0.2123561121 0.1243997117 0.1320207554 0.5312234209 
389 0.2126120917 0.1265868547 0.1289502316 0.5318508220 
390 0.2128671828 0.1288107610 0.1258327042 0.5324893520 
391 0.2131213753 0.1308314608 0.1229085747 0.5331385892 
392 0.2133746601 0.1324321974 0.1203961804 0.5337969620 
393 0.2136270301 0.1334383842 0.1184726723 0.5344619133 
394 0.2138784814 0.1337323983 0.1172589700 0.5351301503 
395 0.2141290133 0.1332629686 0.1168100627 0.5357979554 
396 0.2143786292 0.1320484270 0.1171114153 0.5364615286 
397 0.2146273359 0.1301736548 0.1180816787 0.5371173306 
398 0.2148751437 0.1277811268 0.1195813344 0.5377623951 
399 0.2151220654 0.1250569739 0.1214263764 0.5383945843 
400 0.2153681154 0.1222134162 0.1234057048 0.5390127636 
401 0.2156133087 0.1194692122 0.1253005946 0.5396168845 
402 0.2158576597 0.1170299194 0.1269044539 0.5402079670 
403 0.2161011814 0.1150697366 0.1280410943 0.5407879877 
404 0.2163438844 0.1137165258 0.1285799065 0.5413596833 
405 0.2165857763 0.1130412896 0.1284466430 0.5419262912 
406 0.2168268611 0.1130529587 0.1276289306 0.5424912496 
407 0.2170671397 0.1136988481 0.1261761262 0.5430578860 
408 0.2173066098 0.1148706269 0.1241936417 0.5436291216 
409 0.2175452662 0.1164151544 0.1218323606 0.5442072188 
410 0.2177831023 0.1181491133 0.1192741925 0.5447935919 
411 0.2180201102 0.1198760508 0.1167151403 0.5453886988 
412 0.2182562822 0.1214042525 0.1143474460 0.5459920193 
413 0.2184916116 0.1225638291 0.1123424365 0.5466021228 
414 0.2187260935 0.1232215009 0.1108355904 0.5472168152 
415 0.2189597254 0.1232918017 0.1099151212 0.5478333517 
416 0.2191925080 0.1227437701 0.1096150270 0.5484486949 
417 0.2194244447 0.1216026204 0.1099131416 0.5490597933 
418 0.2196555421 0.1199463441 0.1107342580 0.5496638558 
419 0.2198858093 0.1178976505 0.1119579430 0.5502585973 
420 0.2201152573 0.1156120616 0.1134302473 0.5508424339 
421 0.2203438981 0.1132633084 0.1149781823 0.5514146112 
422 0.2205717444 0.1110273897 0.1164256101 0.5519752558 
423 0.2207988079 0.1090667513 0.1176090940 0.5525253468 
424 0.2210250993 0.1075160002 0.1183922893 0.5530666112 
425 0.2212506269 0.1064704030 0.1186776153 0.5536013548 
426 0.2214753969 0.1059781438 0.1184142150 0.5541322443 
427 0.2216994123 0.1060369587 0.1176015674 0.5546620616 
428 0.2219226736 0.1065953599 0.1162885134 0.5551934530 
429 0.2221451790 0.1075582474 0.1145678789 0.5557286948 
430 0.2223669243 0.1087963151 0.1125672626 0.5562694980 
431 0.2225879042 0.1101583337 0.1104368955 0.5568168666 
432 0.2228081127 0.1114851480 0.1083357166 0.5573710228 
433 0.2230275441 0.1126241026 0.1064169502 0.5579314032 
434 0.2232461934 0.1134425922 0.1048144884 0.5584967261 
435 0.2234640574 0.1138395400 0.1036312811 0.5590651215 
436 0.2236811350 0.1137538187 0.1029307351 0.5596343111 
437 0.2238974274 0.1131689194 0.1027318318 0.5602018214 
438 0.2241129382 0.1121135271 0.1030083246 0.5607652101 
439 0.2243276734 0.1106580343 0.1036920077 0.5613222845 
440 0.2245416412 0.1089073860 0.1046796785 0.5618712944 
441 0.2247548509 0.1069909737 0.1058430958 0.5624110796 
442 0.2249673129 0.1050505425 0.1070409814 0.5629411633 
443 0.2251790374 0.1032272360 0.1081319455 0.5634617812 
444 0.2253900343 0.1016489570 0.1089871621 0.5639738466 
445 0.2256003122 0.1004191720 0.1095016602 0.5644788556 
446 0.2258098779 0.0996081319 0.1096032489 0.5649787413 
447 0.2260187362 0.0992472475 0.1092583235 0.5654756928 
448 0.2262268896 0.0993270611 0.1084740955 0.5659719539 
449 0.2264343383 0.0997989207 0.1072971191 0.5664696219 
450 0.2266410808 0.1005801350 0.1058083213 0.5669704629 
451 0.2268471139 0.1015620734 0.1041150520 0.5674757607 
452 0.2270524336 0.1026204276 0.1023409265 0.5679862124 
453 0.2272570351 0.1036266708 0.1006144162 0.5685018779 
454 0.2274609144 0.1044596619 0.0990572352 0.5690221885 
455 0.2276640680 0.1050163540 0.0977735671 0.5695460109 
456 0.2278664938 0.1052206631 0.0968410825 0.5700717605 
457 0.2280681917 0.1050297411 0.0963045133 0.5705975539 
458 0.2282691632 0.1044371427 0.0961723106 0.5711213834 
459 0.2284694121 0.1034726655 0.0964166217 0.5716413007 
460 0.2286689439 0.1021989444 0.0969765212 0.5721555905 
461 0.2288677656 0.1007051728 0.0977641413 0.5726629203 
462 0.2290658854 0.0990985693 0.0986730929 0.5731624524 
463 0.2292633119 0.0974944029 0.0995883756 0.5736539096 
464 0.2294600538 0.0960054974 0.1003968592 0.5741375895 
465 0.2296561192 0.0947321689 0.1009973857 0.5746143263 
466 0.2298515150 0.0937534868 0.1013095924 0.5750854057 
467 0.2300462469 0.0931206175 0.1012806939 0.5755524417 
468 0.2302403186 0.0928528027 0.1008896538 0.5760172249 
469 0.2304337322 0.0929362811 0.1001484271 0.5764815597 
470 0.2306264879 0.0933261899 0.0991002198 0.5769471024 
471 0.2308185844 0.0939512157 0.0978149833 0.5774152167 
472 0.2310100193 0.0947205211 0.0963826024 0.5778868572 
473 0.2312007895 0.0955322821 0.0949044349 0.5783624935 
474 0.2313908916 0.0962830361 0.0934839943 0.5788420779 
475 0.2315803226 0.0968769885 0.0922176280 0.5793250609 
476 0.2317690803 0.0972344427 0.0911860261 0.5798104509 
477 0.2319571634 0.0972986171 0.0904473065 0.5802969130 
478 0.2321445725 0.0970402697 0.0900322623 0.5807828955 
479 0.2323313094 0.0964597611 0.0899421549 0.5812667746 
480 0.2325173778 0.0955864220 0.0901491990 0.5817470013 
481 0.2327027825 0.0944753374 0.0905996406 0.5822222394 
482 0.2328875299 0.0932018873 0.0912191011 0.5826914817 
483 0.2330716269 0.0918545787 0.0919196604 0.5831541339 
484 0.2332550809 0.0905268473 0.0926080118 0.5836100600 
485 0.2334378990 0.0893085818 0.0931939333 0.5840595859 
486 0.2336200880 0.0882781394 0.0935983116 0.5845034610 
487 0.2338016537 0.0874955557 0.0937600074 0.5849427833 
488 0.2339826004 0.0869975341 0.0936409712 0.5853788943 
489 0.2341629315 0.0867946292 0.0932291851 0.5858132542 
490 0.2343426484 0.0868708292 0.0925392131 0.5862473093 
491 0.2345217514 0.0871855291 0.0916103563 0.5866823631 
492 0.2347002397 0.0876776682 0.0905026294 0.5871194628 
493 0.2348781113 0.0882716162 0.0892909615 0.5875593110 
494 0.2350553640 0.0888842475 0.0880581779 0.5880022106 
495 0.2352319954 0.0894325425 0.0868874164 0.5884480457 
496 0.2354080033 0.0898410264 0.0858546688 0.5888963015 
497 0.2355833864 0.0900483807 0.0850221144 0.5893461184 
498 0.2357581443 0.0900126524 0.0844328260 0.5897963772 
499 0.2359322779 0.0897146212 0.0841072965 0.5902458045 
500 0.2361057891 0.0891590616 0.0840420584 0.5906930909 
501 0.2362786814 0.0883738288 0.0842104804 0.5911370093 
502 0.2364509594 0.0874068941 0.0845656226 0.5915765239 
503 0.2366226284 0.0863216375 0.0850448548 0.5920108793 
504 0.2367936944 0.0851908544 0.0855757877 0.5924396635 
505 0.2369641638 0.0840900403 0.0860829581 0.5928628379 
506 0.2371340424 0.0830905688 0.0864946549 0.5932807339 
507 0.2373033360 0.0822533781 0.0867492701 0.5936940159 
508 0.2374720491 0.0816237194 0.0868006155 0.5941036160 
509 0.2376401857 0.0812274191 0.0866217503 0.5945106449 
510 0.2378077481 0.0810689571 0.0862070052 0.5949162896 
511 0.2379747379 0.0811314968 0.0855720597 0.5953217056 
512 0.2381411552 0.0813788262 0.0847521037 0.5957279150 
513 0.2383069994 0.0817589951 0.0837982884 0.5961357172 
514 0.2384722692 0.0822092903 0.0827728176 0.5965456229 
515 0.2386369630 0.0826620740 0.0817431485 0.5969578145 
516 0.2388010791 0.0830509457 0.0807758387 0.5973721365 
517 0.2389646162 0.0833166678 0.0799305986 0.5977881173 
518 0.2391275735 0.0834123305 0.0792550782 0.5982050178 
519 0.2392899512 0.0833073055 0.0787808396 0.5986219037 
520 0.2394517504 0.0829896615 0.0785208544 0.5990377338 
521 0.2396129732 0.0824668544 0.0784687168 0.5994514557 
522 0.2397736227 0.0817646662 0.0785996101 0.5998621010 
523 0.2399337032 0.0809245228 0.0788729034 0.6002688705 
524 0.2400932193 0.0799994635 0.0792361138 0.6006712034 
525 0.2402521761 0.0790491518 0.0796298496 0.6010688225 
526 0.2404105790 0.0781343933 0.0799932733 0.6014617544 
527 0.2405684331 0.0773116623 0.0802695838 0.6018503208 
528 0.2407257430 0.0766281274 0.0804110250 0.6022351046 
529 0.2408825126 0.0761176121 0.0803829828 0.6026168925 
530 0.2410387450 0.0757978331 0.0801668209 0.6029966010 
531 0.2411944424 0.0756691384 0.0797612274 0.6033751917 
532 0.2413496060 0.0757148274 0.0791819813 0.6037535852 
533 0.2415042360 0.0759029931 0.0784601915 0.6041325794 
534 0.2416583321 0.0761896892 0.0776391979 0.6045127808 
535 0.2418118935 0.0765231130 0.0767704387 0.6048945549 
536 0.2419649189 0.0768484068 0.0759086759 0.6052779984 
537 0.2421174073 0.0771126369 0.0751070193 0.6056629366 
538 0.2422693580 0.0772694980 0.0744121993 0.6060489447 
539 0.2424207707 0.0772833299 0.0738605079 0.6064353915 
540 0.2425716459 0.0771320969 0.0734747563 0.6068215008 
541 0.2427219850 0.0768090874 0.0732625036 0.6072064240 
542 0.2428717900 0.0763232040 0.0732156879 0.6075893181 
543 0.2430210639 0.0756978497 0.0733116646 0.6079694217 
544 0.2431698103 0.0749685361 0.0735155317 0.6083461219 
545 0.2433180335 0.0741794547 0.0737835053 0.6087190066 
546 0.2434657378 0.0733793402 0.0740670242 0.6090878977 
547 0.2436129277 0.0726170104 0.0743171987 0.6094528632 
548 0.2437596076 0.0719369881 0.0744891984 0.6098142059 
549 0.2439057813 0.0713755977 0.0745461889 0.6101724322 
550 0.2440514521 0.0709578751 0.0744624698 0.6105282030 
551 0.2441966227 0.0706955521 0.0742255533 0.6108822719 
552 0.2443412948 0.0705862743 0.0738370153 0.6112354156 
553 0.2444854695 0.0706140967 0.0733120689 0.6115883649 
554 0.2446291472 0.0707511882 0.0726779245 0.6119417401 
555 0.2447723276 0.0709605664 0.0719711077 0.6122959983 
556 0.2449150103 0.0711995975 0.0712339965 0.6126513957 
557 0.2450571946 0.0714239316 0.0705109041 0.6130079697 
558 0.2451988798 0.0715915124 0.0698440679 0.6133655399 
559 0.2453400657 0.0716662999 0.0692699053 0.6137237291 
560 0.2454807523 0.0716213782 0.0688158676 0.6140820019 
561 0.2456209405 0.0714411835 0.0684981602 0.6144397158 
562 0.2457606316 0.0711226683 0.0683205186 0.6147961815 
563 0.2458998277 0.0706753213 0.0682741249 0.6151507261 
564 0.2460385315 0.0701200622 0.0683386529 0.6155027534 
565 0.2461767463 0.0694871353 0.0684843223 0.6158517961 
566 0.2463144757 0.0688132093 0.0686747593 0.6161975557 
567 0.2464517235 0.0681379605 0.0688703901 0.6165399259 
568 0.2465884936 0.0675004557 0.0690320521 0.6168789986 
569 0.2467247897 0.0669356619 0.0691244960 0.6172150524 
570 0.2468606150 0.0664713961 0.0691194650 0.6175485239 
571 0.2469959723 0.0661259758 0.0689980861 0.6178799659 
572 0.2471308637 0.0659067697 0.0687523709 0.6182099956 
573 0.2472652910 0.0658097588 0.0683857114 0.6185392388 
574 0.2473992549 0.0658201268 0.0679123447 0.6188682736 
575 0.2475327560 0.0659138068 0.0673558572 0.6191975800 
576 0.2476657942 0.0660598251 0.0667468811 0.6195274996 
577 0.2477983693 0.0662232174 0.0661202058 0.6198582076 
578 0.2479304809 0.0663682431 0.0655115750 0.6201897011 
579 0.2480621288 0.0664616039 0.0649544639 0.6205218033 
580 0.2481933131 0.0664753790 0.0644771243 0.6208541835 
581 0.2483240341 0.0663894183 0.0641001579 0.6211863897 
582 0.2484542926 0.0661929906 0.0638348246 0.6215178922 
583 0.2485840903 0.0658855546 0.0636822220 0.6218481332 
584 0.2487134289 0.0654766008 0.0636333930 0.6221765773 
585 0.2488423112 0.0649845974 0.0636703318 0.6225027596 
586 0.2489707398 0.0644351530 0.0637677805 0.6228263267 
587 0.2490987181 0.0638585760 0.0638956404 0.6231470655 
588 0.2492262494 0.0632870634 0.0640217664 0.6234649208 
589 0.2493533369 0.0627517758 0.0641148905 0.6237799968 
590 0.2494799837 0.0622800657 0.0641474053 0.6240925452 
591 0.2496061927 0.0618931026 0.0640977650 0.6244029397 
592 0.2497319661 0.0616041004 0.0639522927 0.6247116407 
593 0.2498573060 0.0614172945 0.0637062471 0.6250191523 
594 0.2499822136 0.0613277432 0.0633640662 0.6253259770 
595 0.2501066898 0.0613219565 0.0629387832 0.6256325705 
596 0.2502307352 0.0613792782 0.0624506840 0.6259393026 
597 0.2503543498 0.0614738821 0.0619253422 0.6262464259 
598 0.2504775336 0.0615771913 0.0613912190 0.6265540561 
599 0.2506002866 0.0616604948 0.0608770542 0.6268621644 
600 0.2507226087 0.0616975239 0.0604092839 0.6271705834 
601 0.2508445003 0.0616667562 0.0600097177 0.6274790258 
602 0.2509659619 0.0615532488 0.0596936772 0.6277871121 
603 0.2510869946 0.0613498439 0.0594687541 0.6280944073 
604 0.2512075997 0.0610576528 0.0593342861 0.6284004614 
605 0.2513277792 0.0606857878 0.0592815830 0.6287048500 
606 0.2514475353 0.0602503840 0.0592948682 0.6290072125 
607 0.2515668706 0.0597730102 0.0593528359 0.6293072833 
608 0.2516857879 0.0592786256 0.0594306725 0.6296049140 
609 0.2518042901 0.0587932737 0.0595023515 0.6299000846 
610 0.2519223801 0.0583417259 0.0595429907 0.6301929034 
611 0.2520400604 0.0579452867 0.0595310586 0.6304835943 
612 0.2521573335 0.0576199544 0.0594502365 0.6307724756 
613 0.2522742014 0.0573750943 0.0592907753 0.6310599290 
614 0.2523906657 0.0572127333 0.0590502360 0.6313463651 
615 0.2525067277 0.0571275268 0.0587335596 0.6316321859 
616 0.2526223881 0.0571073869 0.0583524754 0.6319177496 
617 0.2527376475 0.0571347019 0.0579243111 0.6322033395 
618 0.2528525062 0.0571880267 0.0574703267 0.6324891404 
619 0.2529669643 0.0572440823 0.0570137290 0.6327752244 
620 0.2530810219 0.0572798793 0.0565775516 0.6330615473 
621 0.2531946792 0.0572747719 0.0561825942 0.6333479546 
622 0.2533079368 0.0572122615 0.0558456031 0.6336341986 
623 0.2534207953 0.0570813903 0.0555778520 0.6339199625 
624 0.2535332557 0.0568776118 0.0553842424 0.6342048901 
625 0.2536453195 0.0566030678 0.0552629930 0.6344886197 
626 0.2537569884 0.0562662607 0.0552059346 0.6347708162 
627 0.2538682646 0.0558811628 0.0551993715 0.6350512012 
628 0.2539791503 0.0554658523 0.0552254203 0.6353295770 
629 0.2540896480 0.0550408105 0.0552636982 0.6356058433 
630 0.2541997602 0.0546270362 0.0552931997 0.6358800040 
631 0.2543094893 0.0542441537 0.0552941916 0.6361521654 
632 0.2544188376 0.0539086809 0.0552499565 0.6364225250 
633 0.2545278072 0.0536326120 0.0551482288 0.6366913519 
634 0.2546363998 0.0534224337 0.0549822047 0.6369589618 
635 0.2547446169 0.0532786550 0.0547510404 0.6372256878 
636 0.2548524595 0.0531958825 0.0544598072 0.6374918508 
637 0.2549599285 0.0531634235 0.0541189169 0.6377577311 
638 0.2550670243 0.0531663509 0.0537430803 0.6380235445 
639 0.2551737474 0.0531869272 0.0533499010 0.6382894243 
640 0.2552800981 0.0532062508 0.0529582393 0.6385554117 
641 0.2553860765 0.0532059735 0.0525864960 0.6388214540 
642 0.2554916832 0.0531699336 0.0522509718 0.6390874115 
643 0.2555969186 0.0530855601 0.0519644492 0.6393530722 
644 0.2557017835 0.0529449263 0.0517351176 0.6396181726 
645 0.2558062790 0.0527453664 0.0515659321 0.6398824225 
646 0.2559104066 0.0524896071 0.0514544544 0.6401455319 
647 0.2560141678 0.0521854143 0.0513931807 0.6404072372 
648 0.2561175644 0.0518447945 0.0513703163 0.6406673248 
649 0.2562205987 0.0514828326 0.0513709195 0.6409256492 
650 0.2563232727 0.0511162775 0.0513783045 0.6411821453 
651 0.2564255886 0.0507620066 0.0513755723 0.6414368326 
652 0.2565275485 0.0504355108 0.0513471287 0.6416898120 
653 0.2566291545 0.0501495335 0.0512800564 0.6419412557 
654 0.2567304083 0.0499129842 0.0511652173 0.6421913903 
655 0.2568313114 0.0497302171 0.0509979957 0.6424404758 
656 0.2569318651 0.0496007332 0.0507786198 0.6426887819 
657 0.2570320704 0.0495193231 0.0505120427 0.6429365639 
658 0.2571319280 0.0494766286 0.0502074032 0.6431840402 
659 0.2572314386 0.0494600662 0.0498771211 0.6434313741 
660 0.2573306025 0.0494550195 0.0495357178 0.6436786602 
661 0.2574294202 0.0494461901 0.0491984717 0.6439259180 
662 0.2575278920 0.0494189831 0.0488800336 0.6441730913 
663 0.2576260184 0.0493608000 0.0485931257 0.6444200558 
664 0.2577238001 0.0492621280 0.0483474406 0.6446666314 
665 0.2578212379 0.0491173293 0.0481488332 0.6449125997 
666 0.2579183328 0.0489250681 0.0479988742 0.6451577249 
667 0.2580150862 0.0486883430 0.0478947952 0.6454017756 
668 0.2581114996 0.0484141302 0.0478298248 0.6456445454 
669 0.2582075747 0.0481126773 0.0477938768 0.6458858712 
670 0.2583033134 0.0477965188 0.0477745204 0.6461256474 
671 0.2583987174 0.0474793057 0.0477581423 0.6463638345 
672 0.2584937889 0.0471745595 0.0477311903 0.6466004613 
673 0.2585885295 0.0468944622 0.0476813868 0.6468356215 
674 0.2586829411 0.0466487923 0.0475988029 0.6470694637 
675 0.2587770252 0.0464440957 0.0474767009 0.6473021782 
676 0.2588707831 0.0462831655 0.0473120732 0.6475339782 
677 0.2589642160 0.0461648664 0.0471058362 0.6477650814 
678 0.2590573248 0.0460843165 0.0468626684 0.6479956902 
679 0.2591501102 0.0460334005 0.0465905149 0.6482259744 
680 0.2592425728 0.0460015621 0.0462998088 0.6484560563 
681 0.2593347131 0.0459767997 0.0460024853 0.6486860019 
682 0.2594265315 0.0459467709 0.0457108820 0.6489158155 
683 0.2595180286 0.0458999060 0.0454366241 0.6491454414 
684 0.2596092048 0.0458264285 0.0451895968 0.6493747699 
685 0.2597000609 0.0457191953 0.0449770948 0.6496036490 
686 0.2597905977 0.0455742833 0.0448032204 0.6498318986 
687 0.2598808163 0.0453912757 0.0446685802 0.6500593278 
688 0.2599707179 0.0451732279 0.0445703018 0.6502857525 
689 0.2600603038 0.0449263236 0.0445023610 0.6505110116 
690 0.2601495758 0.0446592565 0.0444561859 0.6507349818 
691 0.2602385353 0.0443824006 0.0444214764 0.6509575877 
692 0.2603271841 0.0441068459 0.0443871621 0.6511788080 
693 0.2604155238 0.0438433894 0.0443424103 0.6513986764 
694 0.2605035562 0.0436015741 0.0442775916 0.6516172782 
695 0.2605912827 0.0433888577 0.0441851186 0.6518347410 
696 0.2606787046 0.0432099874 0.0440600845 0.6520512236 
697 0.2607658232 0.0430666280 0.0439006483 0.6522669005 
698 0.2608526394 0.0429572761 0.0437081375 0.6524819469 
699 0.2609391543 0.0428774578 0.0434868651 0.6526965229 
700 0.2610253683 0.0428201904 0.0432436819 0.6529107594 
701 0.2611112822 0.0427766587 0.0429873112 0.6531247479 
702 0.2611968964 0.0427370420 0.0427275290 0.6533385326 
