0 0.0004998750 0.9992898433 0.0002102116 0.0000000701 
1 0.0009995000 0.9981598631 0.0008400765 0.0000005603 
2 0.0014988749 0.9966111047 0.0018881308 0.0000018896 
3 0.0019979991 0.9946450209 0.0033525047 0.0000044754 
4 0.0024968721 0.9922634652 0.0052309300 0.0000087327 
5 0.0029954932 0.9894686845 0.0075207479 0.0000150744 
6 0.0034938612 0.9862633122 0.0102189163 0.0000239103 
7 0.0039919750 0.9826503611 0.0133220167 0.0000356472 
8 0.0044898331 0.9786332170 0.0168262619 0.0000506881 
9 0.0049874339 0.9742156312 0.0207275028 0.0000694321 
10 0.0054847756 0.9694017145 0.0250212361 0.0000922739 
11 0.0059818561 0.9641959293 0.0297026108 0.0001196037 
12 0.0064786733 0.9586030839 0.0347664362 0.0001518066 
13 0.0069752248 0.9526283242 0.0402071887 0.0001892623 
14 0.0074715080 0.9462771277 0.0460190196 0.0002323447 
15 0.0079675200 0.9395552958 0.0521957623 0.0002814220 
16 0.0084632580 0.9324689465 0.0587309398 0.0003368557 
17 0.0089587188 0.9250245075 0.0656177726 0.0003990011 
18 0.0094538992 0.9172287080 0.0728491867 0.0004682061 
19 0.0099487955 0.9090885718 0.0804178208 0.0005448119 
20 0.0104434043 0.9006114090 0.0883160350 0.0006291516 
21 0.0109377217 0.8918048085 0.0965359186 0.0007215512 
22 0.0114317437 0.8826766298 0.1050692985 0.0008223280 
23 0.0119254662 0.8732349950 0.1139077474 0.0009317914 
24 0.0124188850 0.8634882802 0.1230425926 0.0010502423 
25 0.0129119956 0.8534451076 0.1324649244 0.0011779725 
26 0.0134047935 0.8431143367 0.1421656049 0.0013152649 
27 0.0138972739 0.8325050555 0.1521352773 0.0014623933 
28 0.0143894322 0.8216265720 0.1623643739 0.0016196220 
29 0.0148812632 0.8104884050 0.1728431264 0.0017872053 
30 0.0153727620 0.7991002755 0.1835615744 0.0019653881 
31 0.0158639233 0.7874720970 0.1945095747 0.0021544050 
32 0.0163547419 0.7756139665 0.2056768112 0.0023544803 
33 0.0168452123 0.7635361555 0.2170528040 0.0025658282 
34 0.0173353290 0.7512490997 0.2286269193 0.0027886520 
35 0.0178250864 0.7387633904 0.2403883787 0.0030231445 
36 0.0183144788 0.7260897642 0.2523262694 0.0032694876 
37 0.0188035005 0.7132390933 0.2644295540 0.0035278522 
38 0.0192921455 0.7002223763 0.2766870801 0.0037983981 
39 0.0197804080 0.6870507275 0.2890875906 0.0040812740 
40 0.0202682818 0.6737353676 0.3016197334 0.0043766172 
41 0.0207557610 0.6602876136 0.3142720719 0.0046845535 
42 0.0212428395 0.6467188685 0.3270330945 0.0050051975 
43 0.0217295109 0.6330406116 0.3398912254 0.0053386521 
44 0.0222157692 0.6192643881 0.3528348342 0.0056850085 
45 0.0227016081 0.6054017992 0.3658522464 0.0060443464 
46 0.0231870212 0.5914644920 0.3789317532 0.0064167337 
47 0.0236720022 0.5774641491 0.3920616220 0.0068022266 
48 0.0241565448 0.5634124788 0.4052301066 0.0072008698 
49 0.0246406426 0.5493212046 0.4184254569 0.0076126958 
50 0.0251242893 0.5352020555 0.4316359294 0.0080377257 
51 0.0256074785 0.5210667557 0.4448497970 0.0084759688 
52 0.0260902038 0.5069270145 0.4580553592 0.0089274226 
53 0.0265724588 0.4927945164 0.4712409520 0.0093920729 
54 0.0270542371 0.4786809111 0.4843949578 0.0098698939 
55 0.0275355325 0.4645978038 0.4975058153 0.0103608484 
56 0.0280163386 0.4505567449 0.5105620291 0.0108648874 
57 0.0284966492 0.4365692208 0.5235521796 0.0113819504 
58 0.0289764580 0.4226466437 0.5364649324 0.0119119659 
59 0.0294557587 0.4088003426 0.5492890480 0.0124548508 
60 0.0299345453 0.3950415530 0.5620133909 0.0130105107 
61 0.0304128116 0.3813814086 0.5746269392 0.0135788406 
62 0.0308905517 0.3678309309 0.5871187934 0.0141597241 
63 0.0313677594 0.3544010208 0.5994781858 0.0147530340 
64 0.0318444289 0.3411024494 0.6116944890 0.0153586327 
65 0.0323205544 0.3279458490 0.6237572248 0.0159763718 
66 0.0327961301 0.3149417043 0.6356560731 0.0166060925 
67 0.0332711503 0.3021003442 0.6473808796 0.0172476259 
68 0.0337456095 0.2894319327 0.6589216649 0.0179007930 
69 0.0342195021 0.2769464613 0.6702686319 0.0185654047 
70 0.0346928228 0.2646537405 0.6814121743 0.0192412624 
71 0.0351655662 0.2525633919 0.6923428838 0.0199281581 
72 0.0356377273 0.2406848405 0.7030515580 0.0206258742 
73 0.0361093010 0.2290273071 0.7135292077 0.0213341842 
74 0.0365802822 0.2175998011 0.7237670640 0.0220528526 
75 0.0370506663 0.2064111130 0.7337565852 0.0227816355 
76 0.0375204484 0.1954698078 0.7434894636 0.0235202802 
77 0.0379896240 0.1847842179 0.7529576319 0.0242685262 
78 0.0384581888 0.1743624367 0.7621532698 0.0250261047 
79 0.0389261383 0.1642123126 0.7710688097 0.0257927394 
80 0.0393934685 0.1543414424 0.7796969426 0.0265681465 
81 0.0398601754 0.1447571654 0.7880306241 0.0273520351 
82 0.0403262551 0.1354665586 0.7960630791 0.0281441073 
83 0.0407917038 0.1264764302 0.8037878073 0.0289440587 
84 0.0412565181 0.1177933152 0.8111985884 0.0297515783 
85 0.0417206946 0.1094234704 0.8182894858 0.0305663492 
86 0.0421842301 0.1013728694 0.8250548518 0.0313880487 
87 0.0426471214 0.0936471986 0.8314893314 0.0322163486 
88 0.0431093656 0.0862518528 0.8375878661 0.0330509154 
89 0.0435709602 0.0791919315 0.8433456975 0.0338914108 
90 0.0440319025 0.0724722352 0.8487583706 0.0347374917 
91 0.0444921900 0.0660972620 0.8538217370 0.0355888110 
92 0.0449518207 0.0600712045 0.8585319573 0.0364450175 
93 0.0454107926 0.0543979472 0.8628855042 0.0373057561 
94 0.0458691036 0.0490810637 0.8668791642 0.0381706685 
95 0.0463267523 0.0441238145 0.8705100398 0.0390393935 
96 0.0467837370 0.0395291452 0.8737755510 0.0399115668 
97 0.0472400566 0.0352996844 0.8766734370 0.0407868220 
98 0.0476957098 0.0314377425 0.8792017572 0.0416647905 
99 0.0481506958 0.0279453105 0.8813588919 0.0425451018 
100 0.0486050138 0.0248240590 0.8831435431 0.0434273841 
101 0.0490586632 0.0220753378 0.8845547346 0.0443112644 
102 0.0495116438 0.0197001752 0.8855918122 0.0451963688 
103 0.0499639552 0.0176992781 0.8862544435 0.0460823232 
104 0.0504155975 0.0160730325 0.8865426171 0.0469687529 
105 0.0508665709 0.0148215035 0.8864566419 0.0478552837 
106 0.0513168758 0.0139444361 0.8859971464 0.0487415417 
107 0.0517665127 0.0134412568 0.8851650767 0.0496271538 
108 0.0522154824 0.0133110739 0.8839616956 0.0505117480 
109 0.0526637858 0.0135526801 0.8823885801 0.0513949539 
110 0.0531114241 0.0141645536 0.8804476198 0.0522764026 
111 0.0535583985 0.0151448604 0.8781410139 0.0531557273 
112 0.0540047105 0.0164914568 0.8754712692 0.0540325635 
113 0.0544503618 0.0182018918 0.8724411967 0.0549065497 
114 0.0548953542 0.0202734101 0.8690539088 0.0557773269 
115 0.0553396898 0.0227029551 0.8653128155 0.0566445396 
116 0.0557833708 0.0254871725 0.8612216210 0.0575078358 
117 0.0562263994 0.0286224134 0.8567843198 0.0583668674 
118 0.0566687784 0.0321047389 0.8520051923 0.0592212905 
119 0.0571105103 0.0359299235 0.8468888009 0.0600707654 
120 0.0575515981 0.0400934599 0.8414399848 0.0609149573 
121 0.0579920448 0.0445905633 0.8356638557 0.0617535362 
122 0.0584318536 0.0494161763 0.8295657924 0.0625861777 
123 0.0588710279 0.0545649739 0.8231514358 0.0634125624 
124 0.0593095712 0.0600313686 0.8164266832 0.0642323771 
125 0.0597474872 0.0658095159 0.8093976825 0.0650453143 
126 0.0601847797 0.0718933202 0.8020708270 0.0658510731 
127 0.0606214527 0.0782764401 0.7944527483 0.0666493589 
128 0.0610575103 0.0849522950 0.7865503109 0.0674398838 
129 0.0614929567 0.0919140708 0.7783706054 0.0682223671 
130 0.0619277964 0.0991547267 0.7699209418 0.0689965350 
131 0.0623620339 0.1066670017 0.7612088429 0.0697621215 
132 0.0627956739 0.1144434212 0.7522420371 0.0705188678 
133 0.0632287210 0.1224763041 0.7430284516 0.0712665233 
134 0.0636611803 0.1307577699 0.7335762047 0.0720048452 
135 0.0640930567 0.1392797455 0.7238935989 0.0727335989 
136 0.0645243553 0.1480339733 0.7139891130 0.0734525584 
137 0.0649550815 0.1570120181 0.7038713943 0.0741615061 
138 0.0653852406 0.1662052752 0.6935492512 0.0748602330 
139 0.0658148379 0.1756049777 0.6830316450 0.0755485394 
140 0.0662438790 0.1852022050 0.6723276818 0.0762262342 
141 0.0666723697 0.1949878901 0.6614466045 0.0768931357 
142 0.0671003155 0.2049528285 0.6503977846 0.0775490715 
143 0.0675277222 0.2150876856 0.6391907136 0.0781938785 
144 0.0679545958 0.2253830057 0.6278349951 0.0788274034 
145 0.0683809422 0.2358292199 0.6163403356 0.0794495022 
146 0.0688067674 0.2464166549 0.6047165367 0.0800600410 
147 0.0692320774 0.2571355412 0.5929734858 0.0806588955 
148 0.0696568785 0.2679760220 0.5811211479 0.0812459515 
149 0.0700811767 0.2789281617 0.5691695569 0.0818211047 
150 0.0705049783 0.2899819544 0.5571288064 0.0823842609 
151 0.0709282895 0.3011273330 0.5450090415 0.0829353360 
152 0.0713511168 0.3123541777 0.5328204495 0.0834742561 
153 0.0717734663 0.3236523249 0.5205732514 0.0840009574 
154 0.0721953445 0.3350115759 0.5082776932 0.0845153865 
155 0.0726167577 0.3464217057 0.4959440365 0.0850175001 
156 0.0730377123 0.3578724719 0.4835825505 0.0855072653 
157 0.0734582148 0.3693536235 0.4712035024 0.0859846593 
158 0.0738782716 0.3808549094 0.4588171492 0.0864496698 
159 0.0742978890 0.3923660876 0.4464337288 0.0869022946 
160 0.0747170735 0.4038769336 0.4340634512 0.0873425417 
161 0.0751358315 0.4153772493 0.4217164899 0.0877704293 
162 0.0755541694 0.4268568714 0.4094029734 0.0881859858 
163 0.0759720935 0.4383056802 0.3971329766 0.0885892497 
164 0.0763896102 0.4497136082 0.3849165121 0.0889802696 
165 0.0768067257 0.4610706482 0.3727635222 0.0893591039 
166 0.0772234464 0.4723668622 0.3606838703 0.0897258211 
167 0.0776397785 0.4835923893 0.3486873328 0.0900804994 
168 0.0780557282 0.4947374542 0.3367835909 0.0904232267 
169 0.0784713016 0.5057923752 0.3249822225 0.0907541007 
170 0.0788865048 0.5167475722 0.3132926945 0.0910732284 
171 0.0793013439 0.5275935749 0.3017243548 0.0913807265 
172 0.0797158247 0.5383210301 0.2902864245 0.0916767206 
173 0.0801299533 0.5489207101 0.2789879908 0.0919613458 
174 0.0805437354 0.5593835196 0.2678379990 0.0922347461 
175 0.0809571767 0.5697005035 0.2568452456 0.0924970742 
176 0.0813702830 0.5798628541 0.2460183710 0.0927484919 
177 0.0817830598 0.5898619185 0.2353658526 0.0929891691 
178 0.0821955126 0.5996892051 0.2248959979 0.0932192844 
179 0.0826076468 0.6093363909 0.2146169377 0.0934390247 
180 0.0830194676 0.6187953278 0.2045366199 0.0936485846 
181 0.0834309804 0.6280580498 0.1946628030 0.0938481668 
182 0.0838421902 0.6371167784 0.1850030499 0.0940379815 
183 0.0842531019 0.6459639296 0.1755647218 0.0942182467 
184 0.0846637204 0.6545921194 0.1663549730 0.0943891872 
185 0.0850740505 0.6629941698 0.1573807445 0.0945510351 
186 0.0854840969 0.6711631146 0.1486487591 0.0947040294 
187 0.0858938639 0.6790922042 0.1401655164 0.0948484156 
188 0.0863033560 0.6867749115 0.1319372870 0.0949844455 
189 0.0867125775 0.6942049367 0.1239701086 0.0951123772 
190 0.0871215324 0.7013762119 0.1162697810 0.0952324746 
191 0.0875302248 0.7082829060 0.1088418617 0.0953450075 
192 0.0879386585 0.7149194288 0.1016916618 0.0954502509 
193 0.0883468371 0.7212804354 0.0948242424 0.0955484851 
194 0.0887547643 0.7273608302 0.0882444103 0.0956399953 
195 0.0891624435 0.7331557702 0.0819567150 0.0957250713 
196 0.0895698778 0.7386606692 0.0759654454 0.0958040075 
197 0.0899770706 0.7438712004 0.0702746266 0.0958771024 
198 0.0903840246 0.7487832998 0.0648880173 0.0959446582 
199 0.0907907428 0.7533931690 0.0598091072 0.0960069810 
200 0.0911972278 0.7576972776 0.0550411145 0.0960643801 
201 0.0916034820 0.7616923658 0.0505869843 0.0961171679 
202 0.0920095079 0.7653754462 0.0464493863 0.0961656596 
203 0.0924153075 0.7687438061 0.0426307134 0.0962101729 
204 0.0928208830 0.7717950086 0.0391330804 0.0962510280 
205 0.0932262362 0.7745268944 0.0359583227 0.0962885467 
206 0.0936313688 0.7769375827 0.0331079957 0.0963230528 
207 0.0940362823 0.7790254724 0.0305833740 0.0963548713 
208 0.0944409781 0.7807892424 0.0283854510 0.0963843285 
209 0.0948454574 0.7822278523 0.0265149390 0.0964117514 
210 0.0952497212 0.7833405425 0.0249722687 0.0964374676 
211 0.0956537704 0.7841268340 0.0237575904 0.0964618052 
212 0.0960576058 0.7845865283 0.0228707737 0.0964850921 
213 0.0964612279 0.7847197070 0.0223114092 0.0965076559 
214 0.0968646370 0.7845267306 0.0220788085 0.0965298239 
215 0.0972678335 0.7840082377 0.0221720066 0.0965519222 
216 0.0976708173 0.7831651440 0.0225897626 0.0965742761 
217 0.0980735883 0.7819986404 0.0233305619 0.0965972094 
218 0.0984761464 0.7805101917 0.0243926177 0.0966210443 
219 0.0988784910 0.7787015341 0.0257738739 0.0966461010 
220 0.0992806215 0.7765746738 0.0274720070 0.0966726977 
221 0.0996825374 0.7741318839 0.0294844290 0.0967011498 
222 0.1000842375 0.7713757022 0.0318082899 0.0967317703 
223 0.1004857210 0.7683089283 0.0344404815 0.0967648692 
224 0.1008869865 0.7649346205 0.0373776400 0.0968007530 
225 0.1012880328 0.7612560924 0.0406161499 0.0968397249 
226 0.1016888582 0.7572769097 0.0441521476 0.0968820844 
227 0.1020894612 0.7530008864 0.0479815254 0.0969281270 
228 0.1024898400 0.7484320808 0.0520999354 0.0969781438 
229 0.1028899926 0.7435747916 0.0565027942 0.0970324217 
230 0.1032899169 0.7384335535 0.0611852870 0.0970912426 
231 0.1036896107 0.7330131329 0.0661423727 0.0971548838 
232 0.1040890716 0.7273185230 0.0713687883 0.0972236172 
233 0.1044882971 0.7213549391 0.0768590544 0.0972977093 
234 0.1048872847 0.7151278137 0.0826074803 0.0973774213 
235 0.1052860315 0.7086427911 0.0886081690 0.0974630084 
236 0.1056845347 0.7019057221 0.0948550235 0.0975547197 
237 0.1060827912 0.6949226586 0.1013417518 0.0976527984 
238 0.1064807980 0.6876998479 0.1080618731 0.0977574810 
239 0.1068785518 0.6802437266 0.1150087239 0.0978689977 
240 0.1072760493 0.6725609150 0.1221754639 0.0979875718 
241 0.1076732870 0.6646582108 0.1295550826 0.0981134196 
242 0.1080702614 0.6565425828 0.1371404052 0.0982467505 
243 0.1084669688 0.6482211648 0.1449240998 0.0983877666 
244 0.1088634054 0.6397012487 0.1528986836 0.0985366624 
245 0.1092595674 0.6309902779 0.1610565297 0.0986936250 
246 0.1096554509 0.6220958410 0.1693898742 0.0988588339 
247 0.1100510518 0.6130256646 0.1778908230 0.0990324606 
248 0.1104463660 0.6037876062 0.1865513591 0.0992146688 
249 0.1108413893 0.5943896475 0.1953633493 0.0994056138 
250 0.1112361176 0.5848398873 0.2043185519 0.0996054432 
251 0.1116305463 0.5751465339 0.2134086239 0.0998142959 
252 0.1120246712 0.5653178980 0.2226251281 0.1000323026 
253 0.1124184879 0.5553623857 0.2319595410 0.1002595855 
254 0.1128119917 0.5452884903 0.2414032600 0.1004962581 
255 0.1132051781 0.5351047856 0.2509476108 0.1007424255 
256 0.1135980425 0.5248199179 0.2605838556 0.1009981840 
257 0.1139905803 0.5144425987 0.2703032000 0.1012636209 
258 0.1143827867 0.5039815969 0.2800968012 0.1015388151 
259 0.1147746571 0.4934457312 0.2899557754 0.1018238363 
260 0.1151661866 0.4828438624 0.2998712054 0.1021187455 
261 0.1155573706 0.4721848861 0.3098341487 0.1024235946 
262 0.1159482041 0.4614777244 0.3198356449 0.1027384266 
263 0.1163386823 0.4507313186 0.3298667234 0.1030632757 
264 0.1167288005 0.4399546215 0.3399184111 0.1033981670 
265 0.1171185538 0.4291565895 0.3499817403 0.1037431164 
266 0.1175079372 0.4183461754 0.3600477561 0.1040981313 
267 0.1178969461 0.4075323200 0.3701075241 0.1044632099 
268 0.1182855755 0.3967239453 0.3801521379 0.1048383413 
269 0.1186738205 0.3859299464 0.3901727269 0.1052235061 
270 0.1190616765 0.3751591842 0.4001604634 0.1056186758 
271 0.1194491386 0.3644204778 0.4101065704 0.1060238132 
272 0.1198362020 0.3537225971 0.4200023288 0.1064388722 
273 0.1202228619 0.3430742553 0.4298390845 0.1068637982 
274 0.1206091138 0.3324841021 0.4396082563 0.1072985278 
275 0.1209949527 0.3219607158 0.4493013421 0.1077429893 
276 0.1213803743 0.3115125966 0.4589099268 0.1081971023 
277 0.1217653737 0.3011481592 0.4684256888 0.1086607782 
278 0.1221499466 0.2908757263 0.4778404070 0.1091339200 
279 0.1225340884 0.2807035212 0.4871459678 0.1096164227 
280 0.1229177946 0.2706396613 0.4963343711 0.1101081729 
281 0.1233010610 0.2606921515 0.5053977378 0.1106090497 
282 0.1236838831 0.2508688773 0.5143283155 0.1111189241 
283 0.1240662568 0.2411775988 0.5231184849 0.1116376595 
284 0.1244481778 0.2316259441 0.5317607663 0.1121651118 
285 0.1248296421 0.2222214031 0.5402478254 0.1127011293 
286 0.1252106457 0.2129713217 0.5485724793 0.1132455533 
287 0.1255911846 0.2038828956 0.5567277020 0.1137982178 
288 0.1259712550 0.1949631645 0.5647066305 0.1143589499 
289 0.1263508532 0.1862190070 0.5725025697 0.1149275701 
290 0.1267299754 0.1776571344 0.5801089983 0.1155038919 
291 0.1271086182 0.1692840858 0.5875195733 0.1160877228 
292 0.1274867779 0.1611062229 0.5947281354 0.1166788637 
293 0.1278644514 0.1531297251 0.6017287137 0.1172771097 
294 0.1282416353 0.1453605845 0.6085155303 0.1178822499 
295 0.1286183265 0.1378046011 0.6150830047 0.1184940677 
296 0.1289945219 0.1304673788 0.6214257583 0.1191123410 
297 0.1293702187 0.1233543208 0.6275386180 0.1197368425 
298 0.1297454139 0.1164706253 0.6334166208 0.1203673399 
299 0.1301201050 0.1098212821 0.6390550170 0.1210035959 
300 0.1304942894 0.1034110683 0.6444492737 0.1216453686 
301 0.1308679646 0.0972445452 0.6495950786 0.1222924116 
302 0.1312411283 0.0913260547 0.6544883425 0.1229444745 
303 0.1316137783 0.0856597161 0.6591252028 0.1236013028 
304 0.1319859125 0.0802494234 0.6635020259 0.1242626383 
305 0.1323575291 0.0750988421 0.6676154098 0.1249282191 
306 0.1327286262 0.0702114071 0.6714621865 0.1255977802 
307 0.1330992022 0.0655903203 0.6750394240 0.1262710536 
308 0.1334692555 0.0612385479 0.6783444284 0.1269477683 
309 0.1338387847 0.0571588192 0.6813747453 0.1276276509 
310 0.1342077886 0.0533536243 0.6841281616 0.1283104255 
311 0.1345762661 0.0498252130 0.6866027066 0.1289958142 
312 0.1349442163 0.0465755931 0.6887966533 0.1296835374 
313 0.1353116381 0.0436065295 0.6907085189 0.1303733135 
314 0.1356785311 0.0409195433 0.6923370657 0.1310648599 
315 0.1360448946 0.0385159110 0.6936813015 0.1317578929 
316 0.1364107282 0.0363966643 0.6947404800 0.1324521275 
317 0.1367760317 0.0345625893 0.6955141004 0.1331472786 
318 0.1371408049 0.0330142271 0.6960019076 0.1338430604 
319 0.1375050478 0.0317518734 0.6962038916 0.1345391872 
320 0.1378687607 0.0307755791 0.6961202871 0.1352353730 
321 0.1382319438 0.0300851511 0.6957515724 0.1359313327 
322 0.1385945976 0.0296801526 0.6950984684 0.1366267814 
323 0.1389567227 0.0295599043 0.6941619379 0.1373214351 
324 0.1393183197 0.0297234857 0.6929431834 0.1380150112 
325 0.1396793896 0.0301697365 0.6914436460 0.1387072279 
326 0.1400399335 0.0308972579 0.6896650033 0.1393978054 
327 0.1403999523 0.0319044146 0.6876091675 0.1400864655 
328 0.1407594475 0.0331893370 0.6852782834 0.1407729321 
329 0.1411184204 0.0347499229 0.6826747255 0.1414569312 
330 0.1414768727 0.0365838402 0.6798010956 0.1421381915 
331 0.1418348060 0.0386885296 0.6766602201 0.1428164443 
332 0.1421922221 0.0410612069 0.6732551471 0.1434914239 
333 0.1425491230 0.0436988664 0.6695891430 0.1441628676 
334 0.1429055108 0.0465982837 0.6656656892 0.1448305163 
335 0.1432613877 0.0497560192 0.6614884787 0.1454941144 
336 0.1436167561 0.0531684215 0.6570614124 0.1461534100 
337 0.1439716184 0.0568316311 0.6523885952 0.1468081553 
338 0.1443259772 0.0607415842 0.6474743319 0.1474581067 
339 0.1446798352 0.0648940166 0.6423231232 0.1481030250 
340 0.1450331953 0.0692844679 0.6369396613 0.1487426755 
341 0.1453860604 0.0739082858 0.6313288253 0.1493768285 
342 0.1457384335 0.0787606309 0.6254956766 0.1500052590 
343 0.1460903177 0.0838364804 0.6194454544 0.1506277475 
344 0.1464417165 0.0891306339 0.6131835702 0.1512440794 
345 0.1467926331 0.0946377177 0.6067156032 0.1518540459 
346 0.1471430710 0.1003521899 0.6000472953 0.1524574438 
347 0.1474930338 0.1062683455 0.5931845450 0.1530540757 
348 0.1478425251 0.1123803221 0.5861334027 0.1536437501 
349 0.1481915488 0.1186821045 0.5789000649 0.1542262818 
350 0.1485401086 0.1251675313 0.5714908685 0.1548014916 
351 0.1488882085 0.1318302994 0.5639122850 0.1553692070 
352 0.1492358525 0.1386639707 0.5561709148 0.1559292619 
353 0.1495830448 0.1456619773 0.5482734811 0.1564814968 
354 0.1499297894 0.1528176277 0.5402268238 0.1570257591 
355 0.1502760906 0.1601241127 0.5320378936 0.1575619031 
356 0.1506219528 0.1675745119 0.5237137454 0.1580897898 
357 0.1509673804 0.1751617993 0.5152615325 0.1586092879 
358 0.1513123777 0.1828788499 0.5066884998 0.1591202726 
359 0.1516569492 0.1907184461 0.4980019776 0.1596226270 
360 0.1520010996 0.1986732840 0.4892093752 0.1601162412 
361 0.1523448334 0.2067359797 0.4803181740 0.1606010129 
362 0.1526881553 0.2148990761 0.4713359213 0.1610768472 
363 0.1530310700 0.2231550493 0.4622702237 0.1615436569 
364 0.1533735822 0.2314963152 0.4531287402 0.1620013624 
365 0.1537156967 0.2399152362 0.4439191754 0.1624498917 
366 0.1540574182 0.2484041276 0.4346492735 0.1628891806 
367 0.1543987517 0.2569552648 0.4253268108 0.1633191727 
368 0.1547397019 0.2655608894 0.4159595893 0.1637398193 
369 0.1550802738 0.2742132164 0.4065554302 0.1641510796 
370 0.1554204722 0.2829044406 0.3971221667 0.1645529205 
371 0.1557603020 0.2916267435 0.3876676377 0.1649453169 
372 0.1560997682 0.3003722999 0.3781996806 0.1653282513 
373 0.1564388756 0.3091332848 0.3687261252 0.1657017144 
374 0.1567776292 0.3179018798 0.3592547866 0.1660657043 
375 0.1571160339 0.3266702799 0.3497934589 0.1664202273 
376 0.1574540946 0.3354307003 0.3403499079 0.1667652971 
377 0.1577918162 0.3441753826 0.3309318656 0.1671009356 
378 0.1581292035 0.3528966018 0.3215470227 0.1674271719 
379 0.1584662614 0.3615866726 0.3122030228 0.1677440432 
380 0.1588029948 0.3702379557 0.3029074553 0.1680515941 
381 0.1591394084 0.3788428647 0.2936678500 0.1683498768 
382 0.1594755071 0.3873938719 0.2844916700 0.1686389510 
383 0.1598112955 0.3958835150 0.2753863057 0.1689188838 
384 0.1601467785 0.4043044030 0.2663590689 0.1691897496 
385 0.1604819606 0.4126492225 0.2574171866 0.1694516303 
386 0.1608168464 0.4209107439 0.2485677949 0.1697046148 
387 0.1611514406 0.4290818270 0.2398179332 0.1699487991 
388 0.1614857477 0.4371554273 0.2311745389 0.1701842862 
389 0.1618197721 0.4451246012 0.2226444408 0.1704111860 
390 0.1621535182 0.4529825125 0.2142343543 0.1706296151 
391 0.1624869904 0.4607224370 0.2059508757 0.1708396969 
392 0.1628201929 0.4683377690 0.1978004769 0.1710415612 
393 0.1631531300 0.4758220257 0.1897895000 0.1712353443 
394 0.1634858058 0.4831688531 0.1819241524 0.1714211887 
395 0.1638182243 0.4903720307 0.1742105018 0.1715992432 
396 0.1641503896 0.4974254766 0.1666544714 0.1717696623 
397 0.1644823056 0.5043232527 0.1592618351 0.1719326066 
398 0.1648139760 0.5110595687 0.1520382130 0.1720882423 
399 0.1651454046 0.5176287874 0.1449890669 0.1722367412 
400 0.1654765950 0.5240254285 0.1381196961 0.1723782804 
401 0.1658075509 0.5302441734 0.1314352335 0.1725130422 
402 0.1661382756 0.5362798691 0.1249406412 0.1726412141 
403 0.1664687725 0.5421275322 0.1186407069 0.1727629884 
404 0.1667990449 0.5477823528 0.1125400404 0.1728785620 
405 0.1671290959 0.5532396979 0.1066430698 0.1729881364 
406 0.1674589287 0.5584951156 0.1009540383 0.1730919174 
407 0.1677885461 0.5635443375 0.0954770013 0.1731901151 
408 0.1681179509 0.5683832826 0.0902158230 0.1732829434 
409 0.1684471461 0.5730080602 0.0851741738 0.1733706200 
410 0.1687761340 0.5774149724 0.0803555275 0.1734533661 
411 0.1691049174 0.5816005172 0.0757631590 0.1735314064 
412 0.1694334985 0.5855613908 0.0714001419 0.1736049689 
413 0.1697618796 0.5892944898 0.0672693464 0.1736742841 
414 0.1700900630 0.5927969136 0.0633734376 0.1737395858 
415 0.1704180507 0.5960659662 0.0597148730 0.1738011101 
416 0.1707458445 0.5990991583 0.0562959018 0.1738590955 
417 0.1710734463 0.6018942082 0.0531185630 0.1739137825 
418 0.1714008578 0.6044490441 0.0501846844 0.1739654137 
419 0.1717280805 0.6067618047 0.0474958813 0.1740142335 
420 0.1720551159 0.6088308405 0.0450535559 0.1740604877 
421 0.1723819653 0.6106547149 0.0428588965 0.1741044232 
422 0.1727086299 0.6122322044 0.0409128773 0.1741462884 
423 0.1730351108 0.6135622994 0.0392162577 0.1741863321 
424 0.1733614088 0.6146442047 0.0377695824 0.1742248042 
425 0.1736875248 0.6154773391 0.0365731814 0.1742619547 
426 0.1740134595 0.6160613362 0.0356271703 0.1742980340 
427 0.1743392135 0.6163960431 0.0349314510 0.1743332925 
428 0.1746647871 0.6164815210 0.0344857116 0.1743679803 
429 0.1749901808 0.6163180439 0.0342894282 0.1744023471 
430 0.1753153946 0.6159060984 0.0343418649 0.1744366420 
431 0.1756404288 0.6152463822 0.0346420756 0.1744711134 
432 0.1759652831 0.6143398033 0.0351889052 0.1745060084 
433 0.1762899574 0.6131874788 0.0359809909 0.1745415730 
434 0.1766144514 0.6117907329 0.0370167641 0.1745780516 
435 0.1769387647 0.6101510960 0.0382944522 0.1746156871 
436 0.1772628967 0.6082703022 0.0398120806 0.1746547205 
437 0.1775868469 0.6061502877 0.0415674749 0.1746953906 
438 0.1779106142 0.6037931884 0.0435582634 0.1747379339 
439 0.1782341980 0.6012013380 0.0457818794 0.1747825847 
440 0.1785575971 0.5983772647 0.0482355638 0.1748295744 
441 0.1788808104 0.5953236896 0.0509163684 0.1748791315 
442 0.1792038367 0.5920435230 0.0538211585 0.1749314818 
443 0.1795266746 0.5885398618 0.0569466161 0.1749868474 
444 0.1798493227 0.5848159866 0.0602892433 0.1750454474 
445 0.1801717793 0.5808753579 0.0638453657 0.1751074971 
446 0.1804940428 0.5767216132 0.0676111359 0.1751732080 
447 0.1808161114 0.5723585632 0.0715825374 0.1752427879 
448 0.1811379833 0.5677901882 0.0757553883 0.1753164403 
449 0.1814596563 0.5630206341 0.0801253452 0.1753943644 
450 0.1817811286 0.5580542086 0.0846879077 0.1754767551 
451 0.1821023977 0.5528953773 0.0894384221 0.1755638028 
452 0.1824234616 0.5475487589 0.0943720865 0.1756556930 
453 0.1827443178 0.5420191215 0.0994839543 0.1757526064 
454 0.1830649638 0.5363113779 0.1047689396 0.1758547187 
455 0.1833853972 0.5304305808 0.1102218217 0.1759622003 
456 0.1837056153 0.5243819187 0.1158372495 0.1760752165 
457 0.1840256155 0.5181707104 0.1216097470 0.1761939271 
458 0.1843453949 0.5118024009 0.1275337178 0.1763184865 
459 0.1846649506 0.5052825557 0.1336034505 0.1764490432 
460 0.1849842799 0.4986168564 0.1398131237 0.1765857400 
461 0.1853033796 0.4918110949 0.1461568114 0.1767287141 
462 0.1856222468 0.4848711688 0.1526284881 0.1768780963 
463 0.1859408782 0.4778030758 0.1592220343 0.1770340117 
464 0.1862592708 0.4706129081 0.1659312422 0.1771965789 
465 0.1865774213 0.4633068474 0.1727498207 0.1773659106 
466 0.1868953264 0.4558911591 0.1796714016 0.1775421129 
467 0.1872129827 0.4483721868 0.1866895449 0.1777252856 
468 0.1875303870 0.4407563468 0.1937977442 0.1779155220 
469 0.1878475357 0.4330501224 0.2009894330 0.1781129089 
470 0.1881644253 0.4252600578 0.2082579904 0.1783175265 
471 0.1884810525 0.4173927530 0.2155967462 0.1785294483 
472 0.1887974137 0.4094548576 0.2229989876 0.1787487412 
473 0.1891135052 0.4014530651 0.2304579645 0.1789754652 
474 0.1894293235 0.3933941070 0.2379668957 0.1792096738 
475 0.1897448650 0.3852847473 0.2455189743 0.1794514134 
476 0.1900601260 0.3771317760 0.2531073742 0.1797007238 
477 0.1903751029 0.3689420038 0.2607252553 0.1799576380 
478 0.1906897920 0.3607222560 0.2683657701 0.1802221819 
479 0.1910041897 0.3524793666 0.2760220689 0.1804943748 
480 0.1913182922 0.3442201726 0.2836873062 0.1807742290 
481 0.1916320960 0.3359515079 0.2913546461 0.1810617501 
482 0.1919455972 0.3276801976 0.2990172685 0.1813569367 
483 0.1922587922 0.3194130525 0.3066683746 0.1816597808 
484 0.1925716774 0.3111568626 0.3143011927 0.1819702674 
485 0.1928842490 0.3029183920 0.3219089841 0.1822883748 
486 0.1931965035 0.2947043730 0.3294850487 0.1826140748 
487 0.1935084373 0.2865215003 0.3370227303 0.1829473321 
488 0.1938200466 0.2783764254 0.3445154228 0.1832881052 
489 0.1941313279 0.2702757511 0.3519565752 0.1836363458 
490 0.1944422777 0.2622260261 0.3593396971 0.1839919990 
491 0.1947528925 0.2542337392 0.3666583646 0.1843550037 
492 0.1950631687 0.2463053143 0.3739062249 0.1847252921 
493 0.1953731029 0.2384471046 0.3810770021 0.1851027904 
494 0.1956826916 0.2306653879 0.3881645020 0.1854874184 
495 0.1959919316 0.2229663611 0.3951626176 0.1858790896 
496 0.1963008195 0.2153561350 0.4020653336 0.1862777118 
497 0.1966093520 0.2078407297 0.4088667318 0.1866831865 
498 0.1969175259 0.2004260692 0.4155609954 0.1870954096 
499 0.1972253380 0.1931179768 0.4221424142 0.1875142709 
500 0.1975327853 0.1859221708 0.4286053890 0.1879396549 
501 0.1978398646 0.1788442589 0.4349444361 0.1883714404 
502 0.1981465730 0.1718897347 0.4411541916 0.1888095007 
503 0.1984529076 0.1650639726 0.4472294159 0.1892537039 
504 0.1987588654 0.1583722239 0.4531649977 0.1897039130 
505 0.1990644439 0.1518196123 0.4589559581 0.1901599857 
506 0.1993696401 0.1454111303 0.4645974545 0.1906217751 
507 0.1996744516 0.1391516346 0.4700847846 0.1910891292 
508 0.1999788757 0.1330458431 0.4754133895 0.1915618917 
509 0.2002829100 0.1270983304 0.4805788580 0.1920399016 
510 0.2005865521 0.1213135248 0.4855769294 0.1925229936 
511 0.2008897997 0.1156957049 0.4904034971 0.1930109983 
512 0.2011926506 0.1102489957 0.4950546115 0.1935037421 
513 0.2014951026 0.1049773664 0.4995264832 0.1940010478 
514 0.2017971538 0.0998846266 0.5038154855 0.1945027341 
515 0.2020988021 0.0949744238 0.5079181574 0.1950086166 
516 0.2024000458 0.0902502407 0.5118312063 0.1955185072 
517 0.2027008830 0.0857153924 0.5155515098 0.1960322148 
518 0.2030013121 0.0813730244 0.5190761184 0.1965495450 
519 0.2033013316 0.0772261099 0.5224022576 0.1970703009 
520 0.2036009400 0.0732774481 0.5255273294 0.1975942825 
521 0.2039001360 0.0695296618 0.5284489146 0.1981212877 
522 0.2041989182 0.0659851959 0.5311647741 0.1986511118 
523 0.2044972856 0.0626463158 0.5336728506 0.1991835480 
524 0.2047952370 0.0595151058 0.5359712696 0.1997183876 
525 0.2050927716 0.0565934676 0.5380583407 0.2002554201 
526 0.2053898886 0.0538831195 0.5399325586 0.2007944333 
527 0.2056865871 0.0513855951 0.5415926040 0.2013352138 
528 0.2059828666 0.0491022426 0.5430373440 0.2018775467 
529 0.2062787265 0.0470342241 0.5442658330 0.2024212164 
530 0.2065741665 0.0451825150 0.5452773124 0.2029660061 
531 0.2068691863 0.0435479037 0.5460712116 0.2035116985 
532 0.2071637856 0.0421309912 0.5466471474 0.2040580758 
533 0.2074579644 0.0409321916 0.5470049239 0.2046049200 
534 0.2077517227 0.0399517315 0.5471445328 0.2051520129 
535 0.2080450607 0.0391896509 0.5470661520 0.2056991364 
536 0.2083379786 0.0386458030 0.5467701456 0.2062460727 
537 0.2086304768 0.0383198555 0.5462570633 0.2067926044 
538 0.2089225557 0.0382112909 0.5455276387 0.2073385147 
539 0.2092142160 0.0383194073 0.5445827889 0.2078835878 
540 0.2095054582 0.0386433200 0.5434236130 0.2084276088 
541 0.2097962832 0.0391819621 0.5420513907 0.2089703640 
542 0.2100866918 0.0399340862 0.5404675808 0.2095116411 
543 0.2103766852 0.0408982661 0.5386738195 0.2100512292 
544 0.2106662643 0.0420728980 0.5366719184 0.2105889193 
545 0.2109554304 0.0434562025 0.5344638627 0.2111245043 
546 0.2112441848 0.0450462269 0.5320518092 0.2116577791 
547 0.2115325290 0.0468408467 0.5294380837 0.2121885407 
548 0.2118204643 0.0488377683 0.5266251786 0.2127165888 
549 0.2121079925 0.0510345313 0.5236157507 0.2132417255 
550 0.2123951152 0.0534285109 0.5204126182 0.2137637558 
551 0.2126818342 0.0560169206 0.5170187580 0.2142824872 
552 0.2129681515 0.0587968150 0.5134373027 0.2147977307 
553 0.2132540690 0.0617650929 0.5096715378 0.2153093004 
554 0.2135395888 0.0649184998 0.5057248978 0.2158170135 
555 0.2138247131 0.0682536318 0.5016009640 0.2163206911 
556 0.2141094442 0.0717669383 0.4973034600 0.2168201576 
557 0.2143937843 0.0754547256 0.4928362487 0.2173152414 
558 0.2146777360 0.0793131605 0.4882033286 0.2178057748 
559 0.2149613017 0.0833382740 0.4834088302 0.2182915942 
560 0.2152444840 0.0875259645 0.4784570115 0.2187725401 
561 0.2155272855 0.0918720023 0.4733522549 0.2192484572 
562 0.2158097091 0.0963720333 0.4680990625 0.2197191951 
563 0.2160917576 0.1010215828 0.4627020522 0.2201846074 
564 0.2163734338 0.1058160598 0.4571659536 0.2206445528 
565 0.2166547406 0.1107507615 0.4514956033 0.2210988946 
566 0.2169356811 0.1158208770 0.4456959409 0.2215475009 
567 0.2172162585 0.1210214923 0.4397720042 0.2219902450 
568 0.2174964757 0.1263475942 0.4337289249 0.2224270052 
569 0.2177763361 0.1317940752 0.4275719238 0.2228576649 
570 0.2180558428 0.1373557382 0.4213063062 0.2232821129 
571 0.2183349992 0.1430273005 0.4149374572 0.2237002431 
572 0.2186138087 0.1488033995 0.4084708367 0.2241119552 
573 0.2188922746 0.1546785966 0.4019119748 0.2245171540 
574 0.2191704004 0.1606473826 0.3952664668 0.2249157502 
575 0.2194481896 0.1667041823 0.3885399682 0.2253076600 
576 0.2197256457 0.1728433596 0.3817381896 0.2256928051 
577 0.2200027723 0.1790592224 0.3748668921 0.2260711132 
578 0.2202795731 0.1853460275 0.3679318818 0.2264425176 
579 0.2205560515 0.1916979858 0.3609390051 0.2268069576 
580 0.2208322113 0.1981092673 0.3538941431 0.2271643783 
581 0.2211080561 0.2045740061 0.3468032072 0.2275147306 
582 0.2213835897 0.2110863057 0.3396721332 0.2278579713 
583 0.2216588158 0.2176402439 0.3325068769 0.2281940634 
584 0.2219337381 0.2242298780 0.3253134082 0.2285229757 
585 0.2222083603 0.2308492501 0.3180977067 0.2288446829 
586 0.2224826863 0.2374923919 0.3108657561 0.2291591657 
587 0.2227567197 0.2441533300 0.3036235393 0.2294664109 
588 0.2230304644 0.2508260912 0.2963770331 0.2297664113 
589 0.2233039241 0.2575047072 0.2891322031 0.2300591656 
590 0.2235771026 0.2641832201 0.2818949990 0.2303446783 
591 0.2238500036 0.2708556872 0.2746713492 0.2306229601 
592 0.2241226309 0.2775161860 0.2674671557 0.2308940275 
593 0.2243949882 0.2841588194 0.2602882896 0.2311579028 
594 0.2246670792 0.2907777207 0.2531405856 0.2314146144 
595 0.2249389077 0.2973670584 0.2460298376 0.2316641963 
596 0.2252104773 0.3039210409 0.2389617934 0.2319066883 
597 0.2254817918 0.3104339218 0.2319421504 0.2321421361 
598 0.2257528546 0.3169000045 0.2249765502 0.2323705907 
599 0.2260236695 0.3233136467 0.2180705748 0.2325921090 
600 0.2262942400 0.3296692655 0.2112297409 0.2328067535 
601 0.2265645697 0.3359613417 0.2044594965 0.2330145920 
602 0.2268346620 0.3421844246 0.1977652155 0.2332156978 
603 0.2271045205 0.3483331362 0.1911521937 0.2334101496 
604 0.2273741485 0.3544021759 0.1846256446 0.2335980311 
605 0.2276435494 0.3603863246 0.1781906946 0.2337794314 
606 0.2279127266 0.3662804491 0.1718523796 0.2339544447 
607 0.2281816833 0.3720795064 0.1656156403 0.2341231700 
608 0.2284504228 0.3777785473 0.1594853185 0.2342857114 
609 0.2287189482 0.3833727209 0.1534661532 0.2344421777 
610 0.2289872627 0.3888572783 0.1475627766 0.2345926823 
611 0.2292553693 0.3942275765 0.1417797109 0.2347373434 
612 0.2295232710 0.3994790817 0.1361213640 0.2348762833 
613 0.2297909707 0.4046073735 0.1305920267 0.2350096291 
614 0.2300584713 0.4096081480 0.1251958689 0.2351375118 
615 0.2303257757 0.4144772213 0.1199369365 0.2352600666 
616 0.2305928864 0.4192105327 0.1148191482 0.2353774327 
617 0.2308598062 0.4238041481 0.1098462925 0.2354897532 
618 0.2311265377 0.4282542626 0.1050220249 0.2355971748 
619 0.2313930833 0.4325572038 0.1003498649 0.2356998479 
620 0.2316594456 0.4367094346 0.0958331934 0.2357979264 
621 0.2319256267 0.4407075557 0.0914752503 0.2358915672 
622 0.2321916291 0.4445483082 0.0872791318 0.2359809308 
623 0.2324574549 0.4482285761 0.0832477885 0.2360661804 
624 0.2327231062 0.4517453886 0.0793840229 0.2361474823 
625 0.2329885849 0.4550959222 0.0756904876 0.2362250052 
626 0.2332538932 0.4582775029 0.0721696831 0.2362989208 
627 0.2335190327 0.4612876077 0.0688239566 0.2363694030 
628 0.2337840053 0.4641238671 0.0656554998 0.2364366278 
629 0.2340488126 0.4667840659 0.0626663477 0.2365007737 
630 0.2343134563 0.4692661455 0.0598583773 0.2365620209 
631 0.2345779376 0.4715682046 0.0572333063 0.2366205515 
632 0.2348422582 0.4736885008 0.0547926919 0.2366765490 
633 0.2351064193 0.4756254517 0.0525379302 0.2367301988 
634 0.2353704220 0.4773776357 0.0504702550 0.2367816873 
635 0.2356342675 0.4789437928 0.0485907377 0.2368312020 
636 0.2358979568 0.4803228254 0.0469002861 0.2368789318 
637 0.2361614909 0.4815137987 0.0453996446 0.2369250659 
638 0.2364248705 0.4825159412 0.0440893937 0.2369697945 
639 0.2366880965 0.4833286451 0.0429699502 0.2370133083 
640 0.2369511693 0.4839514658 0.0420415667 0.2370557981 
641 0.2372140897 0.4843841227 0.0413043325 0.2370974551 
642 0.2374768579 0.4846264984 0.0407581732 0.2371384705 
643 0.2377394744 0.4846786386 0.0404028519 0.2371790351 
644 0.2380019395 0.4845407517 0.0402379691 0.2372193397 
645 0.2382642532 0.4842132082 0.0402629642 0.2372595743 
646 0.2385264157 0.4836965400 0.0404771157 0.2372999286 
647 0.2387884268 0.4829914392 0.0408795427 0.2373405913 
648 0.2390502866 0.4820987577 0.0414692056 0.2373817501 
649 0.2393119947 0.4810195057 0.0422449078 0.2374235917 
650 0.2395735509 0.4797548505 0.0432052971 0.2374663015 
651 0.2398349547 0.4783061149 0.0443488670 0.2375100634 
652 0.2400962057 0.4766747763 0.0456739583 0.2375550598 
653 0.2403573032 0.4748624642 0.0471787614 0.2376014712 
654 0.2406182467 0.4728709592 0.0488613176 0.2376494765 
655 0.2408790352 0.4707021906 0.0507195218 0.2376992524 
656 0.2411396681 0.4683582346 0.0527511239 0.2377509734 
657 0.2414001443 0.4658413121 0.0549537320 0.2378048117 
658 0.2416604628 0.4631537864 0.0573248138 0.2378609370 
659 0.2419206225 0.4602981610 0.0598617000 0.2379195166 
660 0.2421806222 0.4572770767 0.0625615863 0.2379807148 
661 0.2424404607 0.4540933096 0.0654215366 0.2380446931 
662 0.2427001366 0.4507497678 0.0684384855 0.2381116102 
663 0.2429596485 0.4472494889 0.0716092412 0.2381816213 
664 0.2432189948 0.4435956372 0.0749304891 0.2382548788 
665 0.2434781741 0.4397915004 0.0783987942 0.2383315313 
666 0.2437371845 0.4358404863 0.0820106049 0.2384117242 
667 0.2439960246 0.4317461204 0.0857622559 0.2384955992 
668 0.2442546923 0.4275120416 0.0896499719 0.2385832941 
669 0.2445131859 0.4231419996 0.0936698713 0.2386749432 
670 0.2447715035 0.4186398508 0.0978179691 0.2387706766 
671 0.2450296431 0.4140095552 0.1020901812 0.2388706205 
672 0.2452876026 0.4092551725 0.1064823279 0.2389748969 
673 0.2455453799 0.4043808586 0.1109901378 0.2390836237 
674 0.2458029728 0.3993908615 0.1156092513 0.2391969143 
675 0.2460603792 0.3942895177 0.1203352252 0.2393148778 
676 0.2463175968 0.3890812481 0.1251635362 0.2394376189 
677 0.2465746233 0.3837705542 0.1300895851 0.2395652375 
678 0.2468314562 0.3783620138 0.1351087010 0.2396978291 
679 0.2470880932 0.3728602771 0.1402161454 0.2398354843 
680 0.2473445318 0.3672700626 0.1454071165 0.2399782892 
681 0.2476007695 0.3615961526 0.1506767532 0.2401263248 
682 0.2478568038 0.3558433892 0.1560201397 0.2402796673 
683 0.2481126322 0.3500166699 0.1614323099 0.2404383880 
684 0.2483682519 0.3441209435 0.1669082514 0.2406025532 
685 0.2486236605 0.3381612054 0.1724429100 0.2407722241 
686 0.2488788551 0.3321424934 0.1780311946 0.2409474569 
687 0.2491338333 0.3260698832 0.1836679809 0.2411283026 
688 0.2493885921 0.3199484842 0.1893481164 0.2413148073 
689 0.2496431290 0.3137834347 0.1950664247 0.2415070116 
690 0.2498974410 0.3075798979 0.2008177100 0.2417049511 
691 0.2501515256 0.3013430567 0.2065967614 0.2419086563 
692 0.2504053799 0.2950781102 0.2123983577 0.2421181522 
693 0.2506590012 0.2887902682 0.2182172718 0.2423334588 
694 0.2509123865 0.2824847476 0.2240482751 0.2425545907 
695 0.2511655333 0.2761667672 0.2298861420 0.2427815576 
696 0.2514184385 0.2698415438 0.2357256541 0.2430143636 
697 0.2516710995 0.2635142874 0.2415616054 0.2432530077 
698 0.2519235135 0.2571901969 0.2473888057 0.2434974839 
699 0.2521756776 0.2508744558 0.2532020859 0.2437477807 
700 0.2524275891 0.2445722274 0.2589963019 0.2440038817 
701 0.2526792452 0.2382886509 0.2647663387 0.2442657652 
702 0.2529306432 0.2320288368 0.2705071154 0.2445334046 
