# starting the propagation ...
# ... propagating a 18 x 18 matrix

#started propagation
0 0.0009994989 0.9780902991 0.0011220366 0.0016341271 0.0013191696 0.0024095219 0.0011160621 0.0011889574 0.0008032869 0.0008577548 0.0016913813 0.0029369732 0.0010333220 0.0009971858 0.0012847607 0.0014502327 0.0010615014 0.0000039285 1.0000000000 
1 0.0019979904 0.9539581987 0.0023301631 0.0036322925 0.0026227859 0.0048343250 0.0022206602 0.0027265054 0.0015944935 0.0017088279 0.0033412888 0.0062066926 0.0024086881 0.0022642088 0.0025413964 0.0030789416 0.0025155923 0.0000169487 1.0000000000 
2 0.0029954657 0.9277767324 0.0036179291 0.0059657453 0.0039104690 0.0072717386 0.0033150154 0.0045868983 0.0023757480 0.0025577262 0.0049578095 0.0097808365 0.0040955390 0.0037802435 0.0037710128 0.0048717942 0.0043284855 0.0000408109 1.0000000000 
3 0.0039919141 0.8997497615 0.0049780025 0.0086014685 0.0051816698 0.0097191352 0.0044011433 0.0067392701 0.0031504074 0.0034117947 0.0065532083 0.0136253263 0.0060551517 0.0055201806 0.0049750027 0.0068115900 0.0064578629 0.0000771105 1.0000000000 
4 0.0049873234 0.8701077829 0.0064022489 0.0115027897 0.0064356919 0.0121739164 0.0054817181 0.0091482939 0.0039228196 0.0042808593 0.0081431421 0.0177011674 0.0082419207 0.0074552200 0.0061550036 0.0088786556 0.0088541779 0.0001272687 1.0000000000 
5 0.0059816802 0.8391033102 0.0078818082 0.0146300435 0.0076717152 0.0146334933 0.0065599161 0.0117749082 0.0046980455 0.0051768309 0.0097457540 0.0219653859 0.0106048095 0.0095535244 0.0073128519 0.0110512826 0.0114621251 0.0001925153 1.0000000000 
6 0.0069749700 0.8070059311 0.0094071730 0.0179412708 0.0088888217 0.0170952617 0.0076392437 0.0145770942 0.0054815547 0.0061132774 0.0113806848 0.0263720351 0.0130889254 0.0117809210 0.0084505311 0.0133061965 0.0142222318 0.0002738760 1.0000000000 
7 0.0079671772 0.7740971501 0.0109682681 0.0213929433 0.0100860223 0.0195565744 0.0087233574 0.0175106914 0.0062789063 0.0071049711 0.0130680403 0.0308732466 0.0156371682 0.0141016325 0.0095701168 0.0156190461 0.0170725256 0.0003721623 1.0000000000 
8 0.0089582858 0.7406651265 0.0125545340 0.0249407005 0.0112622849 0.0220147106 0.0098158805 0.0205302318 0.0070954311 0.0081674189 0.0148273558 0.0354202987 0.0181919040 0.0164790222 0.0106737182 0.0179649018 0.0199502290 0.0004879656 1.0000000000 
9 0.0099482791 0.7069994191 0.0141550160 0.0285400846 0.0124165632 0.0244668459 0.0109202231 0.0235897800 0.0079359272 0.0093163842 0.0166765963 0.0399646766 0.0206966124 0.0188763360 0.0117634174 0.0203187508 0.0227934329 0.0006216553 1.0000000000 
10 0.0109371403 0.6733858452 0.0157584603 0.0321472621 0.0135478251 0.0269100209 0.0120394115 0.0266437616 0.0088043825 0.0105674056 0.0186312302 0.0444590989 0.0230974603 0.0212574264 0.0128412072 0.0226559789 0.0255427038 0.0007733793 1.0000000000 
11 0.0119248525 0.6401015556 0.0173534187 0.0357197197 0.0146550822 0.0293411131 0.0131759318 0.0296477650 0.0097037356 0.0119353231 0.0207034102 0.0488584855 0.0253447578 0.0235874420 0.0139089290 0.0249528277 0.0281425805 0.0009430698 1.0000000000 
12 0.0129113990 0.6074104224 0.0189283618 0.0392169219 0.0157374182 0.0317568113 0.0143315933 0.0325593032 0.0106356859 0.0134338176 0.0229012925 0.0531208454 0.0273942561 0.0258334693 0.0149682109 0.0271868186 0.0305429220 0.0011304508 1.0000000000 
13 0.0138967634 0.5755588240 0.0204718021 0.0426009203 0.0167940160 0.0341535936 0.0155074153 0.0353385209 0.0116005593 0.0150749722 0.0252285159 0.0572080655 0.0292082524 0.0279651144 0.0160204081 0.0293371342 0.0327000724 0.0013350499 1.0000000000 
14 0.0148809302 0.5447719047 0.0219724259 0.0458369056 0.0178241845 0.0365277119 0.0167035407 0.0379488362 0.0125972367 0.0168688629 0.0276838614 0.0610865831 0.0307564762 0.0299550140 0.0170665472 0.0313849506 0.0345778153 0.0015562128 1.0000000000 
15 0.0158638843 0.5152503690 0.0234192340 0.0488936921 0.0188273832 0.0388751812 0.0179191798 0.0403575059 0.0136231476 0.0188231849 0.0302611026 0.0647279290 0.0320167342 0.0317792656 0.0181072755 0.0333137143 0.0361480970 0.0017931198 1.0000000000 
16 0.0168456117 0.4871678628 0.0248016886 0.0517441290 0.0198032443 0.0411917774 0.0191525838 0.0425361053 0.0146743296 0.0209429225 0.0329490496 0.0681091330 0.0329753033 0.0334177725 0.0191428169 0.0351093607 0.0373915036 0.0020448053 1.0000000000 
17 0.0178260993 0.4606689746 0.0261098659 0.0543654321 0.0207515929 0.0434730416 0.0204010506 0.0444609171 0.0157455514 0.0232300689 0.0357317866 0.0712129842 0.0336270656 0.0348544972 0.0201729361 0.0367604701 0.0382974873 0.0023101786 1.0000000000 
18 0.0188053354 0.4358678787 0.0273346100 0.0567394311 0.0216724633 0.0457142933 0.0216609614 0.0461132222 0.0168304954 0.0256834001 0.0385890901 0.0740281455 0.0339753900 0.0360776209 0.0211969131 0.0382583615 0.0388643413 0.0025880467 1.0000000000 
19 0.0197833092 0.4128476267 0.0284676873 0.0588527309 0.0225661125 0.0479106523 0.0229278462 0.0474794914 0.0179219924 0.0282983102 0.0414970141 0.0765491239 0.0340317689 0.0370796110 0.0222135289 0.0395971238 0.0390989325 0.0028771377 1.0000000000 
20 0.0207600116 0.3916600789 0.0295019358 0.0606967835 0.0234330292 0.0500570687 0.0241964768 0.0485514757 0.0190122992 0.0310667104 0.0444286191 0.0787761017 0.0338152310 0.0378571957 0.0232210643 0.0407735877 0.0390162061 0.0031761246 1.0000000000 
21 0.0217354345 0.3723264536 0.0304314069 0.0622678739 0.0242739387 0.0521483619 0.0254609838 0.0493261970 0.0200934090 0.0339769954 0.0473548175 0.0807146375 0.0333515506 0.0384112524 0.0242173127 0.0417872408 0.0386384840 0.0034836500 1.0000000000 
22 0.0227095715 0.3548384616 0.0312514955 0.0635670185 0.0250898027 0.0541792682 0.0267149932 0.0498058408 0.0211573824 0.0370140804 0.0502453060 0.0823752489 0.0326722858 0.0387466142 0.0251996074 0.0426400911 0.0379945825 0.0037983495 1.0000000000 
23 0.0236824172 0.3391599781 0.0319590547 0.0645997814 0.0258818148 0.0561444959 0.0279517791 0.0499975580 0.0221966854 0.0401595075 0.0530695501 0.0837728919 0.0318136779 0.0388718023 0.0261648648 0.0433364845 0.0371187807 0.0041188756 1.0000000000 
24 0.0246539678 0.3252291976 0.0325524912 0.0653760137 0.0266513903 0.0580387872 0.0291644269 0.0499131786 0.0232045222 0.0433916236 0.0557977856 0.0849263525 0.0308154494 0.0387986936 0.0271096432 0.0438828836 0.0360496737 0.0044439192 1.0000000000 
25 0.0256242208 0.3129612065 0.0330318374 0.0659095195 0.0274001505 0.0598569869 0.0303460019 0.0495688490 0.0241751489 0.0466858256 0.0584020024 0.0858575702 0.0297195392 0.0385421334 0.0280302157 0.0442876143 0.0348289471 0.0047722306 1.0000000000 
26 0.0265931746 0.3022509028 0.0333987979 0.0662176585 0.0281299023 0.0615941157 0.0314897192 0.0489845991 0.0251041548 0.0500148728 0.0608568747 0.0865909116 0.0285688156 0.0381195039 0.0289226591 0.0445605890 0.0335001103 0.0051026383 1.0000000000 
27 0.0275608292 0.2929761861 0.0336567680 0.0663208923 0.0288426117 0.0632454477 0.0325891081 0.0481838513 0.0259887012 0.0533492591 0.0631406051 0.0871524161 0.0274058049 0.0375502599 0.0297829542 0.0447130129 0.0321072267 0.0054340653 1.0000000000 
28 0.0285271853 0.2850013405 0.0338108204 0.0662422836 0.0295403736 0.0648065897 0.0336381670 0.0471928814 0.0268277066 0.0566576420 0.0652356545 0.0875690321 0.0262714747 0.0368554444 0.0306070986 0.0447570839 0.0306936778 0.0057655438 1.0000000000 
29 0.0294922445 0.2781805271 0.0338676613 0.0660069591 0.0302253755 0.0662735612 0.0346315049 0.0460402447 0.0276219691 0.0599073199 0.0671293297 0.0878678648 0.0252041053 0.0360571938 0.0313912273 0.0447056906 0.0293009946 0.0060962267 1.0000000000 
30 0.0304560093 0.2723613106 0.0338355530 0.0656415452 0.0308998577 0.0676428742 0.0355644638 0.0447561774 0.0283742222 0.0630647500 0.0688142118 0.0880754539 0.0242382810 0.0351782462 0.0321317400 0.0445721181 0.0279677890 0.0064253964 1.0000000000 
31 0.0314184828 0.2673881392 0.0337242058 0.0651735900 0.0315660704 0.0689116089 0.0364332206 0.0433719883 0.0290891174 0.0660960974 0.0702884073 0.0882170996 0.0234040269 0.0342414628 0.0328254312 0.0443697684 0.0267288120 0.0067524712 1.0000000000 
32 0.0323796686 0.2631057080 0.0335446375 0.0646309795 0.0322262268 0.0700774863 0.0372348634 0.0419194502 0.0297731340 0.0689678062 0.0715556163 0.0883162509 0.0227261131 0.0332693712 0.0334696196 0.0441118987 0.0256141619 0.0070770079 1.0000000000 
33 0.0333395708 0.2593621365 0.0333090055 0.0640413618 0.0328824558 0.0711389329 0.0379674434 0.0404302049 0.0304344171 0.0716471809 0.0726250131 0.0883939720 0.0222235408 0.0322837419 0.0340622733 0.0438113861 0.0246486607 0.0073987027 1.0000000000 
34 0.0342981935 0.2560119021 0.0330304115 0.0634315888 0.0335367519 0.0720951388 0.0386299985 0.0389351924 0.0310825470 0.0741029666 0.0735109450 0.0884684955 0.0219092200 0.0313052039 0.0346021267 0.0434805201 0.0238514096 0.0077173881 1.0000000000 
35 0.0352555411 0.2529184754 0.0327226852 0.0628271858 0.0341909268 0.0729461050 0.0392225503 0.0374641135 0.0317282469 0.0763059181 0.0742324581 0.0885548733 0.0217898419 0.0303529069 0.0350887856 0.0431308270 0.0232355314 0.0080330277 1.0000000000 
36 0.0362116178 0.2499566147 0.0324001481 0.0622518593 0.0348465610 0.0736926797 0.0397460742 0.0360449374 0.0323830371 0.0782293439 0.0748126680 0.0886647284 0.0218659424 0.0294442344 0.0355228162 0.0427729281 0.0228081006 0.0083457087 1.0000000000 
37 0.0371664278 0.2470142874 0.0320773652 0.0617270515 0.0355049583 0.0743365824 0.0402024450 0.0347034604 0.0330588463 0.0798496158 0.0752779940 0.0888061124 0.0221321491 0.0285945725 0.0359058144 0.0424164319 0.0225702548 0.0086556309 1.0000000000 
38 0.0381199749 0.2439941910 0.0317688878 0.0612715493 0.0361671039 0.0748804136 0.0405943591 0.0334629230 0.0337675918 0.0811466325 0.0756572854 0.0889834677 0.0225775960 0.0278171349 0.0362404534 0.0420698613 0.0225174794 0.0089630951 1.0000000000 
39 0.0390722628 0.2408148638 0.0314889937 0.0609011556 0.0368336265 0.0753276503 0.0409252380 0.0323436923 0.0345207426 0.0821042261 0.0759808661 0.0891976918 0.0231864891 0.0271228464 0.0365305049 0.0417406131 0.0226400483 0.0092684887 1.0000000000 
40 0.0400232944 0.2374113775 0.0312514308 0.0606284269 0.0375047669 0.0756826264 0.0411991142 0.0313630105 0.0353288791 0.0827105045 0.0762795323 0.0894462981 0.0239387987 0.0265202828 0.0367808335 0.0414349491 0.0229236044 0.0095722699 1.0000000000 
41 0.0409730724 0.2337356199 0.0310691689 0.0604624829 0.0381803533 0.0759504974 0.0414205063 0.0305348154 0.0362012640 0.0829581194 0.0765835333 0.0897236665 0.0248110531 0.0260156661 0.0369973610 0.0411580149 0.0233498538 0.0098749514 1.0000000000 
42 0.0419215989 0.2297561807 0.0309541658 0.0604088905 0.0388597841 0.0761371898 0.0415942852 0.0298696309 0.0371454387 0.0828444553 0.0769215714 0.0900213730 0.0257772049 0.0256129109 0.0371870024 0.0409138839 0.0238973511 0.0101770825 1.0000000000 
43 0.0428688755 0.2254578631 0.0309171537 0.0604696223 0.0395420194 0.0762493353 0.0417255372 0.0293745276 0.0381668593 0.0823717337 0.0773198531 0.0903285871 0.0268095422 0.0253137188 0.0373575705 0.0407056223 0.0245423476 0.0104792313 1.0000000000 
44 0.0438149029 0.2208408524 0.0309674485 0.0606430919 0.0402255823 0.0762941913 0.0418194278 0.0290531524 0.0392685850 0.0815470287 0.0778012210 0.0906325250 0.0278796125 0.0251177144 0.0375176529 0.0405353702 0.0252596736 0.0107819671 1.0000000000 
45 0.0447596818 0.2159195763 0.0311127892 0.0609242615 0.0409085692 0.0762795471 0.0418810711 0.0289058223 0.0404510291 0.0803821948 0.0783843976 0.0909189434 0.0289591331 0.0250226172 0.0376764610 0.0404044359 0.0260236272 0.0110858422 1.0000000000 
46 0.0457032118 0.2107213003 0.0313592081 0.0613048215 0.0415886703 0.0762136195 0.0419154084 0.0289296774 0.0417117833 0.0788937050 0.0790833620 0.0911726603 0.0300208573 0.0250244445 0.0378436551 0.0403133972 0.0268088422 0.0113913758 1.0000000000 
47 0.0466454923 0.2052845019 0.0317109364 0.0617734348 0.0422632007 0.0761049375 0.0419271000 0.0291188893 0.0430455225 0.0771024034 0.0799068823 0.0913780881 0.0310393744 0.0251177360 0.0380291481 0.0402622066 0.0275911083 0.0116990376 1.0000000000 
48 0.0475865223 0.1996570736 0.0321703460 0.0623160431 0.0429291402 0.0759622190 0.0419204328 0.0294649159 0.0444439930 0.0750331754 0.0808582166 0.0915197641 0.0319918186 0.0252957951 0.0382428923 0.0402502970 0.0283481212 0.0120092338 1.0000000000 
49 0.0485263002 0.1938944041 0.0327379301 0.0629162254 0.0435831835 0.0757942421 0.0418992471 0.0299567964 0.0458960892 0.0727145436 0.0819349925 0.0915828646 0.0328584705 0.0255509395 0.0384946547 0.0402766818 0.0290601403 0.0123222943 1.0000000000 
50 0.0494648245 0.1880573868 0.0334123196 0.0635556027 0.0442217985 0.0756097124 0.0418668837 0.0305814787 0.0473880162 0.0701781941 0.0831292695 0.0915536900 0.0336232348 0.0258747545 0.0387937844 0.0403400494 0.0297105388 0.0126384616 1.0000000000 
51 0.0504020930 0.1822104073 0.0341903383 0.0642142797 0.0448412922 0.0754171296 0.0418261524 0.0313241700 0.0489035356 0.0674584462 0.0844277791 0.0914201080 0.0342739859 0.0262583419 0.0391489801 0.0404388473 0.0302862309 0.0129578826 1.0000000000 
52 0.0513381038 0.1764193545 0.0350670917 0.0648713136 0.0454378831 0.0752246562 0.0417793231 0.0321687035 0.0504242901 0.0645916733 0.0858123383 0.0911719457 0.0348027750 0.0266925605 0.0395680619 0.0405713548 0.0307779690 0.0132806018 1.0000000000 
53 0.0522728549 0.1707497027 0.0360360894 0.0655052004 0.0460077794 0.0750399899 0.0417281376 0.0330979117 0.0519301968 0.0616156876 0.0872604196 0.0908013209 0.0352058979 0.0271682515 0.0400577550 0.0407357431 0.0311805044 0.0136065572 1.0000000000 
54 0.0532063444 0.1652647027 0.0370893960 0.0660943691 0.0465472597 0.0748702442 0.0416738423 0.0340939988 0.0533999006 0.0585691018 0.0887458601 0.0903029058 0.0354838276 0.0276764444 0.0406234890 0.0409301213 0.0314926129 0.0139355792 1.0000000000 
55 0.0541385706 0.1600237206 0.0382178069 0.0666176723 0.0470527561 0.0747218378 0.0416172390 0.0351389049 0.0548112748 0.0554906799 0.0902396873 0.0896741189 0.0356410190 0.0282085415 0.0412692217 0.0411525705 0.0317169872 0.0142673911 1.0000000000 
56 0.0550695321 0.1550807525 0.0394110460 0.0670548643 0.0475209374 0.0746003967 0.0415587512 0.0362146544 0.0561419546 0.0524186904 0.0917110343 0.0889152416 0.0356855971 0.0287564760 0.0419972900 0.0414011630 0.0318600060 0.0146016123 1.0000000000 
57 0.0559992281 0.1504831440 0.0406579775 0.0673870567 0.0479487902 0.0745106702 0.0414985041 0.0373036822 0.0573698908 0.0493902757 0.0931281156 0.0880294577 0.0356289445 0.0293128429 0.0428082938 0.0416739722 0.0319313892 0.0149377645 1.0000000000 
58 0.0569276581 0.1462705303 0.0419468293 0.0675971419 0.0483336960 0.0744564632 0.0414364126 0.0383891333 0.0584739054 0.0464408497 0.0944592327 0.0870228187 0.0354852040 0.0298710019 0.0437010167 0.0419690712 0.0319437560 0.0152752791 1.0000000000 
59 0.0578548224 0.1424740135 0.0432654208 0.0676701764 0.0486735028 0.0744405866 0.0413722754 0.0394551294 0.0594342361 0.0436035358 0.0956737772 0.0859041362 0.0352707176 0.0304251511 0.0446723874 0.0422845240 0.0319121002 0.0156135072 1.0000000000 
60 0.0587807218 0.1391155829 0.0446013909 0.0675937165 0.0489665893 0.0744648263 0.0413058706 0.0404870011 0.0602330527 0.0409086567 0.0967432009 0.0846848065 0.0350034211 0.0309703732 0.0457174820 0.0426183713 0.0318532048 0.0159517313 1.0000000000 
61 0.0597053581 0.1362077804 0.0459424203 0.0673580999 0.0492119196 0.0745299322 0.0412370488 0.0414714811 0.0608549316 0.0383832858 0.0976419222 0.0833785737 0.0347022163 0.0315026537 0.0468295704 0.0429686133 0.0317850138 0.0162891787 1.0000000000 
62 0.0606287337 0.1337536070 0.0472764435 0.0669566679 0.0494090866 0.0746356274 0.0411658193 0.0423968578 0.0612872746 0.0360508684 0.0983481411 0.0820012387 0.0343863423 0.0320188747 0.0480002058 0.0433331916 0.0317259841 0.0166250355 1.0000000000 
63 0.0615508518 0.1317466617 0.0485918460 0.0663859233 0.0495583446 0.0747806372 0.0410924267 0.0432530889 0.0615206599 0.0339309192 0.0988445371 0.0805703220 0.0340747658 0.0325167861 0.0492193557 0.0437099737 0.0316944376 0.0169584627 1.0000000000 
64 0.0624717166 0.1301714971 0.0498776428 0.0656456240 0.0496606268 0.0749627385 0.0410174146 0.0440318750 0.0615491165 0.0320388023 0.0991188304 0.0791046905 0.0337856092 0.0329949561 0.0504755733 0.0440967410 0.0317079335 0.0172886117 1.0000000000 
65 0.0633913330 0.1290041764 0.0511236346 0.0647388072 0.0497175506 0.0751788267 0.0409416724 0.0447266937 0.0613703129 0.0303855958 0.0991641881 0.0776241583 0.0335356338 0.0334527055 0.0517562054 0.0444911839 0.0317826808 0.0176146410 1.0000000000 
66 0.0643097067 0.1282130072 0.0523205394 0.0636717481 0.0497314068 0.0754250005 0.0408664653 0.0453327980 0.0609856547 0.0289780425 0.0989794645 0.0761490705 0.0333397921 0.0338900282 0.0530476312 0.0448909039 0.0319330082 0.0179357323 1.0000000000 
67 0.0652268444 0.1277594293 0.0534600974 0.0624538523 0.0497051350 0.0756966620 0.0407934434 0.0458471799 0.0604002904 0.0278185867 0.0985692685 0.0746998813 0.0332108610 0.0343075018 0.0543355296 0.0452934258 0.0321709047 0.0182511066 1.0000000000 
68 0.0661427534 0.1275990291 0.0545351477 0.0610974855 0.0496422846 0.0759886299 0.0407246315 0.0462685034 0.0596230221 0.0269054935 0.0979438572 0.0732967370 0.0331591635 0.0347061914 0.0556051656 0.0456962192 0.0325056458 0.0185600396 1.0000000000 
69 0.0670574416 0.1276826529 0.0555396776 0.0596177447 0.0495469607 0.0762952636 0.0406623986 0.0465970103 0.0586661268 0.0262330475 0.0971188592 0.0719590715 0.0331923852 0.0350875505 0.0568416920 0.0460967305 0.0329435116 0.0188618755 1.0000000000 
70 0.0679709177 0.1279575891 0.0564688428 0.0580321764 0.0494237582 0.0766105947 0.0406094072 0.0468344036 0.0575450904 0.0257918235 0.0961148379 0.0707052250 0.0333154856 0.0354533211 0.0580304567 0.0464924246 0.0334876052 0.0191560404 1.0000000000 
71 0.0688831908 0.1283687906 0.0573189623 0.0563604482 0.0492776834 0.0769284647 0.0405685456 0.0469837115 0.0562782645 0.0255690235 0.0949567075 0.0695520932 0.0335307038 0.0358054373 0.0591573107 0.0468808363 0.0341377726 0.0194420534 1.0000000000 
72 0.0697942704 0.1288601099 0.0580874869 0.0546239798 0.0491140652 0.0772426634 0.0405428439 0.0470491375 0.0548864537 0.0255488691 0.0936730212 0.0685148143 0.0338376532 0.0361459339 0.0602089074 0.0472596286 0.0348906248 0.0197195367 1.0000000000 
73 0.0707041665 0.1293755174 0.0587729463 0.0528455441 0.0489384576 0.0775470670 0.0405353773 0.0470359002 0.0533924451 0.0257130413 0.0922951540 0.0676064987 0.0342334978 0.0364768621 0.0611729862 0.0476266579 0.0357396575 0.0199882231 1.0000000000 
74 0.0716128890 0.1298602787 0.0593748757 0.0510488434 0.0487565363 0.0778357718 0.0405491599 0.0469500675 0.0518204939 0.0260411561 0.0908564038 0.0668380075 0.0347131999 0.0368002154 0.0620386342 0.0479800427 0.0366754624 0.0202479616 1.0000000000 
75 0.0725204482 0.1302620669 0.0598937263 0.0492580730 0.0485739905 0.0781032209 0.0405870324 0.0467983891 0.0501957780 0.0265112645 0.0893910401 0.0662177821 0.0352698273 0.0371178655 0.0627965188 0.0483182340 0.0376860211 0.0204987214 1.0000000000 
76 0.0734268541 0.1305319881 0.0603307624 0.0474974787 0.0483964125 0.0783443203 0.0406515487 0.0465881302 0.0485438369 0.0271003661 0.0879333272 0.0657517274 0.0358949059 0.0374315093 0.0634390852 0.0486400844 0.0387570699 0.0207405927 1.0000000000 
77 0.0743321166 0.1306255029 0.0606879501 0.0457909188 0.0482291883 0.0785545431 0.0407448640 0.0463269109 0.0468900101 0.0277849242 0.0865165530 0.0654431484 0.0365788037 0.0377426291 0.0639607144 0.0489449130 0.0398725231 0.0209737863 1.0000000000 
78 0.0752362454 0.1305032270 0.0609678398 0.0441614382 0.0480773912 0.0787300186 0.0408686308 0.0460225530 0.0452588890 0.0285413713 0.0851720905 0.0652927411 0.0373111304 0.0380524635 0.0643578367 0.0492325639 0.0410149390 0.0211986305 1.0000000000 
79 0.0761392498 0.1301316007 0.0611734474 0.0426308641 0.0479456803 0.0788676049 0.0410239038 0.0456829373 0.0436737975 0.0293465947 0.0839285204 0.0652986350 0.0380811381 0.0383619907 0.0646289998 0.0495034547 0.0421660150 0.0214155657 1.0000000000 
80 0.0770411386 0.1294834171 0.0613081381 0.0412194303 0.0478382075 0.0789649432 0.0412110610 0.0453158725 0.0421563141 0.0301783910 0.0828108403 0.0654564840 0.0388781078 0.0386719227 0.0647748867 0.0497586126 0.0433070946 0.0216251379 1.0000000000 
81 0.0779419199 0.1285382045 0.0613755143 0.0399454371 0.0477585333 0.0790204925 0.0414297416 0.0449289783 0.0407258478 0.0310158826 0.0818397820 0.0657596036 0.0396917090 0.0389827092 0.0647982863 0.0499996968 0.0444196718 0.0218279894 1.0000000000 
82 0.0788416012 0.1272824593 0.0613793130 0.0388249541 0.0477095561 0.0790335455 0.0416788042 0.0445295822 0.0393992771 0.0318398862 0.0810312576 0.0661991476 0.0405123207 0.0392945507 0.0647040146 0.0502290033 0.0454858782 0.0220248485 1.0000000000 
83 0.0797401891 0.1257097326 0.0613233134 0.0378715691 0.0476934536 0.0790042235 0.0419563085 0.0441246313 0.0381906618 0.0326332284 0.0803959477 0.0667643204 0.0413313029 0.0396074184 0.0644987905 0.0504494531 0.0464889379 0.0222165178 1.0000000000 
84 0.0806376896 0.1238205712 0.0612112580 0.0370961896 0.0477116400 0.0789334528 0.0422595206 0.0437206192 0.0371110323 0.0333810024 0.0799390439 0.0674426196 0.0421412106 0.0399210810 0.0641910683 0.0506645602 0.0474135797 0.0224038612 1.0000000000 
85 0.0815341075 0.1216223227 0.0610467878 0.0365068973 0.0477647395 0.0788229217 0.0425849431 0.0433235270 0.0361682617 0.0340707631 0.0796601501 0.0682201005 0.0429359470 0.0402351342 0.0637908310 0.0508783812 0.0482463946 0.0225877902 1.0000000000 
86 0.0824294469 0.1191288105 0.0608333939 0.0361088598 0.0478525759 0.0786750211 0.0429283701 0.0429387789 0.0353670209 0.0346926573 0.0795533454 0.0690816585 0.0437108493 0.0405490345 0.0633093510 0.0510954460 0.0489761307 0.0227692494 1.0000000000 
87 0.0833237110 0.1163598921 0.0605743840 0.0359042981 0.0479741797 0.0784927692 0.0432849655 0.0425712101 0.0347088166 0.0352394906 0.0796074036 0.0700113224 0.0444627103 0.0408621331 0.0627589226 0.0513206692 0.0495939202 0.0229492017 1.0000000000 
88 0.0842169017 0.1133409124 0.0602728665 0.0358925100 0.0481278123 0.0782797223 0.0436493638 0.0422250472 0.0341921087 0.0357067296 0.0798061624 0.0709925507 0.0451897349 0.0411737100 0.0621525740 0.0515592462 0.0500934333 0.0231286140 1.0000000000 
89 0.0851090201 0.1101020658 0.0599317481 0.0360699481 0.0483110066 0.0780398755 0.0440157893 0.0419038994 0.0338125022 0.0360924445 0.0801290287 0.0720085275 0.0458914381 0.0414830059 0.0615037660 0.0518165331 0.0504709585 0.0233084426 1.0000000000 
90 0.0860000666 0.1066776842 0.0595537473 0.0364303486 0.0485206228 0.0777775545 0.0443781923 0.0416107594 0.0335630051 0.0363971932 0.0805516055 0.0730424499 0.0465684889 0.0417892523 0.0608260850 0.0520979154 0.0507254100 0.0234896188 1.0000000000 
91 0.0868900404 0.1031054646 0.0591414195 0.0369649074 0.0487529192 0.0774973022 0.0447303975 0.0413480119 0.0334343456 0.0366238550 0.0810464196 0.0740778039 0.0472225102 0.0420916970 0.0601329374 0.0524086667 0.0508582651 0.0236730366 1.0000000000 
92 0.0877789398 0.0994256561 0.0586971934 0.0376624990 0.0490036354 0.0772037625 0.0450662601 0.0411174504 0.0334153352 0.0367774169 0.0815837281 0.0750986215 0.0478558430 0.0423896258 0.0594372537 0.0527538025 0.0508734367 0.0238595399 1.0000000000 
93 0.0886667625 0.0956802200 0.0582234155 0.0385099317 0.0492680867 0.0769015648 0.0453798259 0.0409202985 0.0334932684 0.0368647216 0.0821323805 0.0760897184 0.0484712865 0.0426823789 0.0587512094 0.0531379305 0.0507770885 0.0240499116 1.0000000000 
94 0.0895535053 0.0919119814 0.0577224014 0.0394922346 0.0495412666 0.0765952116 0.0456654900 0.0407572375 0.0336543465 0.0368941841 0.0826607103 0.0770369052 0.0490718254 0.0429693630 0.0580859692 0.0535651042 0.0505773994 0.0242448642 1.0000000000 
95 0.0904391644 0.0881637887 0.0571964892 0.0405929676 0.0498179568 0.0762889724 0.0459181493 0.0406284364 0.0338841114 0.0368754847 0.0831374304 0.0779271726 0.0496603560 0.0432500571 0.0574514613 0.0540386810 0.0502842890 0.0244450315 1.0000000000 
96 0.0913237353 0.0844776949 0.0566480957 0.0417945493 0.0500928400 0.0759867860 0.0461333447 0.0405335863 0.0341678785 0.0368192464 0.0835325077 0.0787488471 0.0502394227 0.0435240144 0.0568561862 0.0545611909 0.0499091119 0.0246509621 1.0000000000 
97 0.0922072133 0.0808941763 0.0560797687 0.0430785947 0.0503606149 0.0756921744 0.0463073874 0.0404719362 0.0344911556 0.0367367063 0.0838179911 0.0794917158 0.0508109751 0.0437908590 0.0563070649 0.0551342183 0.0494643333 0.0248631146 1.0000000000 
98 0.0930895928 0.0774514026 0.0554942369 0.0444262559 0.0506161098 0.0754081694 0.0464374670 0.0404423311 0.0348400367 0.0366393873 0.0839687714 0.0801471214 0.0513761578 0.0440502787 0.0558093308 0.0557583007 0.0489631955 0.0250818541 1.0000000000 
99 0.0939708685 0.0741845677 0.0548944521 0.0458185581 0.0508543927 0.0751372537 0.0465217357 0.0404432520 0.0352015599 0.0365387793 0.0839632517 0.0807080252 0.0519351378 0.0443020150 0.0553664652 0.0564328485 0.0484193854 0.0253074515 1.0000000000 
100 0.0948510342 0.0711252951 0.0542836235 0.0472367263 0.0510708747 0.0748813182 0.0465593683 0.0404728560 0.0355640205 0.0364460360 0.0837839125 0.0811690406 0.0524869803 0.0445458495 0.0549801794 0.0571560873 0.0478467146 0.0255400828 1.0000000000 
101 0.0957300842 0.0683011242 0.0536652414 0.0486624933 0.0512614058 0.0746416364 0.0465505936 0.0405290183 0.0359172321 0.0363716953 0.0834177554 0.0815264378 0.0530295753 0.0447815897 0.0546504431 0.0579250254 0.0472588173 0.0257798314 1.0000000000 
102 0.0966080124 0.0657350853 0.0530430898 0.0500783868 0.0514223598 0.0744188547 0.0464966977 0.0406093749 0.0362527291 0.0363254269 0.0828566164 0.0817781213 0.0535596187 0.0450090530 0.0543755557 0.0587354489 0.0466688775 0.0260266911 1.0000000000 
103 0.0974848128 0.0634453697 0.0524212460 0.0514679874 0.0515507075 0.0742130015 0.0463999973 0.0407113652 0.0365639078 0.0363158137 0.0820973424 0.0819235820 0.0540726502 0.0452280517 0.0541522611 0.0595819439 0.0460893885 0.0262805712 1.0000000000 
104 0.0983604797 0.0614450966 0.0518040676 0.0528161567 0.0516440754 0.0740235107 0.0462637856 0.0408322767 0.0368461029 0.0363501700 0.0811418274 0.0819638275 0.0545631447 0.0454383779 0.0539758998 0.0604579476 0.0455319514 0.0265413018 1.0000000000 
105 0.0992350075 0.0597421805 0.0511961666 0.0541092282 0.0517007911 0.0738492624 0.0460922493 0.0409692888 0.0370966010 0.0364343996 0.0799969108 0.0819012916 0.0550246557 0.0456397909 0.0538405947 0.0613558262 0.0450071146 0.0268086408 1.0000000000 
106 0.1001083907 0.0583392975 0.0506023703 0.0553351625 0.0517199115 0.0736886365 0.0458903619 0.0411195177 0.0373145907 0.0365728939 0.0786741438 0.0817397273 0.0554500050 0.0458320064 0.0537394660 0.0622669804 0.0445242559 0.0270822819 1.0000000000 
107 0.1009806245 0.0572339503 0.0500276710 0.0564836624 0.0517012364 0.0735395796 0.0456637541 0.0412800613 0.0375010559 0.0367684736 0.0771894314 0.0814840850 0.0558315116 0.0460146892 0.0536648683 0.0631819747 0.0440915076 0.0273618631 1.0000000000 
108 0.1018517043 0.0564186267 0.0494771644 0.0575462479 0.0516453052 0.0733996817 0.0454185658 0.0414480441 0.0376586153 0.0370223701 0.0755625642 0.0811403804 0.0561612525 0.0461874482 0.0536086425 0.0640906891 0.0437157224 0.0276469751 1.0000000000 
109 0.1027216258 0.0558810482 0.0489559792 0.0585162923 0.0515533788 0.0732662611 0.0451612843 0.0416206615 0.0377913157 0.0373342479 0.0738166541 0.0807155526 0.0564313452 0.0463498366 0.0535623787 0.0649824901 0.0434024769 0.0279371711 1.0000000000 
110 0.1035903855 0.0556045018 0.0484691989 0.0593890191 0.0514274058 0.0731364556 0.0448985729 0.0417952228 0.0379043876 0.0377022637 0.0719774913 0.0802173182 0.0566342414 0.0465013545 0.0535176788 0.0658464174 0.0431561093 0.0282319756 1.0000000000 
111 0.1044579801 0.0555682468 0.0480217785 0.0601614625 0.0512699754 0.0730073159 0.0446370942 0.0419691936 0.0380039712 0.0381231606 0.0700728443 0.0796540210 0.0567630230 0.0466414557 0.0534664162 0.0666713812 0.0429797859 0.0285308939 1.0000000000 
112 0.1053244070 0.0557479883 0.0476184576 0.0608323939 0.0510842573 0.0728759009 0.0443833352 0.0421402351 0.0380968234 0.0385923923 0.0681317199 0.0790344828 0.0568116872 0.0467695587 0.0534009818 0.0674463678 0.0428755901 0.0288334208 1.0000000000 
113 0.1061896638 0.0561164072 0.0472636732 0.0614022170 0.0508739311 0.0727393696 0.0441434370 0.0423062412 0.0381900139 0.0391042737 0.0661836076 0.0783678546 0.0567754124 0.0468850601 0.0533145132 0.0681606473 0.0428446280 0.0291390491 1.0000000000 
114 0.1070537491 0.0566437359 0.0469614729 0.0618728361 0.0506431058 0.0725950702 0.0439230360 0.0424653723 0.0382906228 0.0396521525 0.0642577281 0.0776634729 0.0566507938 0.0469873513 0.0532010993 0.0688039792 0.0428871445 0.0294472774 1.0000000000 
115 0.1079166615 0.0572983686 0.0467154331 0.0622475016 0.0503962328 0.0724406210 0.0437271197 0.0426160842 0.0384054469 0.0402285974 0.0623823063 0.0769307210 0.0564360406 0.0470758376 0.0530559558 0.0693668119 0.0430026426 0.0297576173 1.0000000000 
116 0.1087784004 0.0580474943 0.0465285819 0.0625306370 0.0501380133 0.0722739838 0.0435599020 0.0427571528 0.0385407256 0.0408255965 0.0605838886 0.0761788979 0.0561311273 0.0471499591 0.0528755676 0.0698404709 0.0431900011 0.0300695997 1.0000000000 
117 0.1096389655 0.0588577400 0.0464033309 0.0627276521 0.0498733030 0.0720935263 0.0434247218 0.0428876926 0.0387018939 0.0414347623 0.0588867222 0.0754170957 0.0557378925 0.0472092118 0.0526577937 0.0702173315 0.0434475841 0.0303827801 1.0000000000 
118 0.1104983570 0.0596958123 0.0463414165 0.0628447478 0.0496070155 0.0718980719 0.0433239672 0.0430071697 0.0388933690 0.0420475359 0.0573122107 0.0746540866 0.0552600816 0.0472531702 0.0524019337 0.0704909729 0.0437733384 0.0306967430 1.0000000000 
119 0.1113565755 0.0605291268 0.0463438528 0.0628887165 0.0493440277 0.0716869374 0.0432590272 0.0431154073 0.0391183781 0.0426553878 0.0558784599 0.0738982205 0.0547033314 0.0472815085 0.0521087533 0.0706563095 0.0441648743 0.0310111056 1.0000000000 
120 0.1122136220 0.0613264105 0.0464108969 0.0628667437 0.0490890877 0.0714599559 0.0432302734 0.0432125846 0.0393788305 0.0432500087 0.0545999231 0.0731573337 0.0540750948 0.0472940205 0.0517804693 0.0707096968 0.0446195277 0.0313255202 1.0000000000 
121 0.1130694977 0.0620582700 0.0465420284 0.0627862142 0.0488467285 0.0712174856 0.0432370704 0.0432992285 0.0396752377 0.0438234878 0.0534871531 0.0724386692 0.0533845091 0.0472906386 0.0514206941 0.0706490093 0.0451344022 0.0316396754 1.0000000000 
122 0.1139242042 0.0626977130 0.0467359434 0.0626545283 0.0486211882 0.0709604044 0.0432778152 0.0433761976 0.0400066824 0.0443684735 0.0525466638 0.0717488083 0.0526422095 0.0472714487 0.0510343429 0.0704736899 0.0457063896 0.0319532971 1.0000000000 
123 0.1147777434 0.0632206145 0.0469905622 0.0624789303 0.0484163384 0.0706900901 0.0433500042 0.0434446589 0.0403708379 0.0448783147 0.0517809027 0.0710936145 0.0518600946 0.0472367034 0.0506275047 0.0701847678 0.0463321702 0.0322661475 1.0000000000 
124 0.1156301172 0.0636061195 0.0473030525 0.0622663539 0.0482356229 0.0704083877 0.0434503259 0.0435060581 0.0407640335 0.0453471798 0.0511883312 0.0704781892 0.0510510497 0.0471868303 0.0502072819 0.0697848466 0.0470081954 0.0325780248 1.0000000000 
125 0.1164813278 0.0638369759 0.0476698667 0.0620232859 0.0480820060 0.0701175637 0.0435747752 0.0435620826 0.0411813659 0.0457701512 0.0507636072 0.0699068386 0.0502286366 0.0471224369 0.0497816030 0.0692780622 0.0477306542 0.0328887603 1.0000000000 
126 0.1173313778 0.0638997918 0.0480867916 0.0617556518 0.0479579329 0.0698202509 0.0437187862 0.0436146197 0.0416168499 0.0461432953 0.0504978612 0.0693830519 0.0494067594 0.0470443115 0.0493590128 0.0686700111 0.0484954274 0.0331982168 1.0000000000 
127 0.1181802695 0.0637852125 0.0485490110 0.0614687235 0.0478653014 0.0695193818 0.0438773807 0.0436657093 0.0420636040 0.0464637067 0.0503790560 0.0689094909 0.0485993161 0.0469534188 0.0489484457 0.0679676523 0.0492980350 0.0335062848 1.0000000000 
128 0.1190280056 0.0634880163 0.0490511792 0.0611670508 0.0478054451 0.0692181167 0.0440453249 0.0437174926 0.0425140648 0.0467295265 0.0503924171 0.0684879895 0.0478198470 0.0468508919 0.0485589895 0.0671791831 0.0501335799 0.0338128796 1.0000000000 
129 0.1198745886 0.0630071272 0.0495875036 0.0608544167 0.0477791291 0.0689197644 0.0442172926 0.0437721591 0.0429602213 0.0469399377 0.0505209188 0.0681195636 0.0470811901 0.0467380194 0.0481996433 0.0663138937 0.0509966937 0.0341179371 1.0000000000 
130 0.1207200214 0.0623455457 0.0501518344 0.0605338169 0.0477865563 0.0686277001 0.0443880273 0.0438318903 0.0433938633 0.0470951359 0.0507458118 0.0678044300 0.0463951546 0.0466162292 0.0478790790 0.0653820030 0.0518814902 0.0344214106 1.0000000000 
131 0.1215643067 0.0615101997 0.0507377602 0.0602074618 0.0478273843 0.0683452823 0.0445525009 0.0438988056 0.0438068354 0.0471962794 0.0510471755 0.0675420344 0.0457722227 0.0464870679 0.0476054087 0.0643944784 0.0527815303 0.0347232658 1.0000000000 
132 0.1224074472 0.0605117205 0.0513387071 0.0598768001 0.0479007530 0.0680757692 0.0447060613 0.0439749073 0.0441912872 0.0472454209 0.0514044789 0.0673310874 0.0452212876 0.0463521776 0.0473859676 0.0633628454 0.0536898035 0.0350234781 1.0000000000 
133 0.1232494458 0.0593641480 0.0519480389 0.0595425629 0.0480053197 0.0678222387 0.0448445675 0.0440620294 0.0445399145 0.0472454219 0.0517971349 0.0671696087 0.0447494373 0.0462132695 0.0472271148 0.0622989899 0.0545987297 0.0353220280 1.0000000000 
134 0.1240903052 0.0580845731 0.0525591566 0.0592048247 0.0481393028 0.0675875120 0.0449645060 0.0441617896 0.0448461824 0.0471998543 0.0522050324 0.0670549768 0.0443617893 0.0460720963 0.0471340590 0.0612149572 0.0555001844 0.0356188980 1.0000000000 
135 0.1249300283 0.0566927243 0.0531655958 0.0588630807 0.0483005313 0.0673740846 0.0450630866 0.0442755470 0.0451045240 0.0471128912 0.0526090320 0.0669839863 0.0440613827 0.0459304226 0.0471107115 0.0601227527 0.0563855489 0.0359140696 1.0000000000 
136 0.1257686180 0.0552105086 0.0537611192 0.0585163355 0.0484864993 0.0671840635 0.0451383146 0.0444043653 0.0453105100 0.0469891904 0.0529914137 0.0669529098 0.0438491287 0.0457899951 0.0471595721 0.0590341479 0.0572457879 0.0362075205 1.0000000000 
137 0.1266060770 0.0536615155 0.0543398024 0.0581632031 0.0486944246 0.0670191148 0.0451890367 0.0445489831 0.0454609831 0.0468337741 0.0533362662 0.0669575645 0.0437238238 0.0456525130 0.0472816481 0.0579604948 0.0580715528 0.0364992224 1.0000000000 
138 0.1274424083 0.0520704959 0.0548961126 0.0578020118 0.0489213086 0.0668804205 0.0452149612 0.0447097928 0.0455541547 0.0466519066 0.0536298079 0.0669933831 0.0436822223 0.0455195988 0.0474764103 0.0569125539 0.0588533114 0.0367891391 1.0000000000 
139 0.1282776149 0.0504628261 0.0554249776 0.0574309142 0.0491639974 0.0667686462 0.0452166505 0.0448868267 0.0455896614 0.0464489746 0.0538606352 0.0670554870 0.0437191679 0.0453927715 0.0477417859 0.0559003372 0.0595814997 0.0370772260 1.0000000000 
140 0.1291116997 0.0488639683 0.0559218450 0.0570479972 0.0494192425 0.0666839205 0.0451954878 0.0450797526 0.0455685796 0.0462303711 0.0540198929 0.0671387624 0.0438277786 0.0452734214 0.0480741879 0.0549329695 0.0602466945 0.0373634286 1.0000000000 
141 0.1299446657 0.0472989395 0.0563827295 0.0566513900 0.0496837597 0.0666258251 0.0451536186 0.0452878776 0.0454933989 0.0460013871 0.0541013666 0.0672379374 0.0439996804 0.0451627879 0.0484685807 0.0540185706 0.0608398015 0.0376476831 1.0000000000 
142 0.1307765160 0.0457917986 0.0568042497 0.0562393673 0.0499542849 0.0665933971 0.0450938694 0.0455101613 0.0453679557 0.0457671109 0.0541014961 0.0673476594 0.0442252825 0.0450619410 0.0489185801 0.0531641599 0.0613522534 0.0379299168 1.0000000000 
143 0.1316072539 0.0443651634 0.0571836517 0.0558104450 0.0502276262 0.0665851418 0.0450196469 0.0457452361 0.0451973296 0.0455323397 0.0540193141 0.0674625726 0.0444940836 0.0449717655 0.0494165844 0.0523755836 0.0617762133 0.0382100486 1.0000000000 
144 0.1324368825 0.0430397661 0.0575188216 0.0553634665 0.0505007116 0.0665990558 0.0449348200 0.0459914360 0.0449877058 0.0453015021 0.0538563160 0.0675773936 0.0447950034 0.0448929507 0.0499539341 0.0516574666 0.0621047765 0.0384879911 1.0000000000 
145 0.1332654052 0.0418340570 0.0578082859 0.0548976779 0.0507706311 0.0666326601 0.0448435894 0.0462468319 0.0447462081 0.0450785944 0.0536162654 0.0676869847 0.0451167253 0.0448259836 0.0505210955 0.0510131884 0.0623321641 0.0387636519 1.0000000000 
146 0.1340928255 0.0407638640 0.0580512006 0.0544127891 0.0510346728 0.0666830418 0.0447503487 0.0465092726 0.0444807086 0.0448671309 0.0533049463 0.0677864250 0.0454480439 0.0447711462 0.0511078640 0.0504448819 0.0624539021 0.0390369359 1.0000000000 
147 0.1349191469 0.0398421132 0.0582473300 0.0539090224 0.0512903535 0.0667469030 0.0446595412 0.0467764308 0.0441996182 0.0446701079 0.0529298700 0.0678710763 0.0457782027 0.0447285176 0.0517035825 0.0499534558 0.0624669797 0.0393077482 1.0000000000 
148 0.1357443730 0.0390786170 0.0583970154 0.0533871448 0.0515354426 0.0668206165 0.0445755172 0.0470458524 0.0439116669 0.0444899816 0.0524999477 0.0679366450 0.0460972162 0.0446979806 0.0522973692 0.0495386371 0.0623699810 0.0395759959 1.0000000000 
149 0.1365685074 0.0384799327 0.0585011356 0.0528484859 0.0517679792 0.0669002859 0.0445023960 0.0473150080 0.0436256769 0.0443286608 0.0520251409 0.0679792382 0.0463961627 0.0446792316 0.0528783492 0.0491990338 0.0621631837 0.0398415916 1.0000000000 
150 0.1373915540 0.0380492932 0.0585610602 0.0522949394 0.0519862836 0.0669818095 0.0444439366 0.0475813455 0.0433503379 0.0441875111 0.0515160994 0.0679954135 0.0466674426 0.0446717949 0.0534358859 0.0489322143 0.0618486224 0.0401044559 1.0000000000 
151 0.1382135167 0.0377866099 0.0585785959 0.0517289506 0.0521889627 0.0670609470 0.0444034215 0.0478423419 0.0430939899 0.0440673718 0.0509837993 0.0679822217 0.0469049929 0.0446750395 0.0539598055 0.0487348025 0.0614301105 0.0403645202 1.0000000000 
152 0.1390343993 0.0376885473 0.0585559296 0.0511534886 0.0523749093 0.0671333862 0.0443835563 0.0480955533 0.0428644180 0.0439685836 0.0504391911 0.0679372426 0.0471044513 0.0446881998 0.0544406094 0.0486025837 0.0609132211 0.0406217295 1.0000000000 
153 0.1398542058 0.0377486654 0.0584955666 0.0505720049 0.0525432968 0.0671948103 0.0443863884 0.0483386626 0.0426686674 0.0438910253 0.0498928684 0.0678586120 0.0472632677 0.0447103970 0.0548696719 0.0485306217 0.0603052229 0.0408760450 1.0000000000 
154 0.1406729401 0.0379576266 0.0584002684 0.0499883806 0.0526935687 0.0672409633 0.0444132472 0.0485695218 0.0425128804 0.0438341584 0.0493547656 0.0677450410 0.0473807571 0.0447406639 0.0552394164 0.0485133808 0.0596149737 0.0411274460 1.0000000000 
155 0.1414906063 0.0383034601 0.0582729886 0.0494068616 0.0528254243 0.0672677129 0.0444647065 0.0487861911 0.0424021613 0.0437970783 0.0488338925 0.0675958268 0.0474580948 0.0447779696 0.0555434676 0.0485448537 0.0588527719 0.0413759322 1.0000000000 
156 0.1423072084 0.0387718775 0.0581168114 0.0488319850 0.0529388010 0.0672711105 0.0445405706 0.0489869701 0.0423404712 0.0437785690 0.0483381119 0.0674108544 0.0474982541 0.0448212446 0.0557767771 0.0486186884 0.0580301693 0.0416215256 1.0000000000 
157 0.1431227502 0.0393466320 0.0579348901 0.0482684986 0.0530338530 0.0672474461 0.0446398846 0.0491704246 0.0423305553 0.0437771620 0.0478739650 0.0671905901 0.0475058879 0.0448694065 0.0559357190 0.0487283157 0.0571597481 0.0418642711 1.0000000000 
